benchmark,method_id,subject_id,outer_fold,BA,NLL
OpenBMI_MI_S1_to_S2,MI_SPECIFIC_BACKBONE_ADAPTED,13,0,0.78,0.45167070054504366
OpenBMI_MI_S1_to_S2,MI_SPECIFIC_BACKBONE_ADAPTED,14,0,0.8,0.44944865615639384
OpenBMI_MI_S1_to_S2,MI_SPECIFIC_BACKBONE_ADAPTED,19,0,0.73,0.6669744084812335
OpenBMI_MI_S1_to_S2,MI_SPECIFIC_BACKBONE_ADAPTED,2,0,0.83,0.4014263456790821
OpenBMI_MI_S1_to_S2,MI_SPECIFIC_BACKBONE_ADAPTED,32,0,0.8600000000000001,0.3532959310636047
OpenBMI_MI_S1_to_S2,MI_SPECIFIC_BACKBONE_ADAPTED,33,0,0.95,0.14165155616319225
OpenBMI_MI_S1_to_S2,MI_SPECIFIC_BACKBONE_ADAPTED,36,0,0.98,0.05598006546928445
OpenBMI_MI_S1_to_S2,MI_SPECIFIC_BACKBONE_ADAPTED,40,0,0.8200000000000001,0.39222187396415314
OpenBMI_MI_S1_to_S2,MI_SPECIFIC_BACKBONE_ADAPTED,47,0,0.95,0.15902709524301153
OpenBMI_MI_S1_to_S2,MI_SPECIFIC_BACKBONE_ADAPTED,50,0,0.63,0.920101921689427
OpenBMI_MI_S1_to_S2,MI_SPECIFIC_BACKBONE_ADAPTED,53,0,0.8500000000000001,0.33512245341968483
OpenBMI_MI_S1_to_S2,MI_SPECIFIC_BACKBONE_ADAPTED,1,1,0.8,0.4560550568380842
OpenBMI_MI_S1_to_S2,MI_SPECIFIC_BACKBONE_ADAPTED,10,1,0.8,0.44865064066452276
OpenBMI_MI_S1_to_S2,MI_SPECIFIC_BACKBONE_ADAPTED,16,1,0.87,0.2953651242308397
OpenBMI_MI_S1_to_S2,MI_SPECIFIC_BACKBONE_ADAPTED,25,1,0.99,0.055347779696024973
OpenBMI_MI_S1_to_S2,MI_SPECIFIC_BACKBONE_ADAPTED,35,1,0.8899999999999999,0.2791484584203376
OpenBMI_MI_S1_to_S2,MI_SPECIFIC_BACKBONE_ADAPTED,42,1,0.78,0.5126672875347063
OpenBMI_MI_S1_to_S2,MI_SPECIFIC_BACKBONE_ADAPTED,43,1,0.9199999999999999,0.23929371150417367
OpenBMI_MI_S1_to_S2,MI_SPECIFIC_BACKBONE_ADAPTED,45,1,0.94,0.15380230939562767
OpenBMI_MI_S1_to_S2,MI_SPECIFIC_BACKBONE_ADAPTED,48,1,0.5800000000000001,0.7393502571154618
OpenBMI_MI_S1_to_S2,MI_SPECIFIC_BACKBONE_ADAPTED,5,1,0.84,0.36229304924583544
OpenBMI_MI_S1_to_S2,MI_SPECIFIC_BACKBONE_ADAPTED,6,1,0.97,0.0698612438927916
OpenBMI_MI_S1_to_S2,MI_SPECIFIC_BACKBONE_ADAPTED,18,2,0.9099999999999999,0.21056721737720666
OpenBMI_MI_S1_to_S2,MI_SPECIFIC_BACKBONE_ADAPTED,22,2,0.8,0.41860565368757896
OpenBMI_MI_S1_to_S2,MI_SPECIFIC_BACKBONE_ADAPTED,26,2,0.84,0.36320028909289254
OpenBMI_MI_S1_to_S2,MI_SPECIFIC_BACKBONE_ADAPTED,29,2,0.8400000000000001,0.32931297393966374
OpenBMI_MI_S1_to_S2,MI_SPECIFIC_BACKBONE_ADAPTED,34,2,0.76,0.6444000059384121
OpenBMI_MI_S1_to_S2,MI_SPECIFIC_BACKBONE_ADAPTED,4,2,0.8,0.44604261348206137
OpenBMI_MI_S1_to_S2,MI_SPECIFIC_BACKBONE_ADAPTED,44,2,0.95,0.10387840754999793
OpenBMI_MI_S1_to_S2,MI_SPECIFIC_BACKBONE_ADAPTED,51,2,0.73,0.5312329949629604
OpenBMI_MI_S1_to_S2,MI_SPECIFIC_BACKBONE_ADAPTED,52,2,0.8200000000000001,0.5204460723275228
OpenBMI_MI_S1_to_S2,MI_SPECIFIC_BACKBONE_ADAPTED,54,2,0.82,0.4603275549195958
OpenBMI_MI_S1_to_S2,MI_SPECIFIC_BACKBONE_ADAPTED,7,2,0.87,0.37335917429736787
OpenBMI_MI_S1_to_S2,MI_SPECIFIC_BACKBONE_ADAPTED,15,3,0.91,0.28899063413684584
OpenBMI_MI_S1_to_S2,MI_SPECIFIC_BACKBONE_ADAPTED,17,3,0.64,0.8076495628444402
OpenBMI_MI_S1_to_S2,MI_SPECIFIC_BACKBONE_ADAPTED,20,3,0.9,0.23458480267597107
OpenBMI_MI_S1_to_S2,MI_SPECIFIC_BACKBONE_ADAPTED,21,3,0.97,0.06038290890906265
OpenBMI_MI_S1_to_S2,MI_SPECIFIC_BACKBONE_ADAPTED,24,3,0.58,1.09644853335528
OpenBMI_MI_S1_to_S2,MI_SPECIFIC_BACKBONE_ADAPTED,27,3,0.94,0.1398254420844913
OpenBMI_MI_S1_to_S2,MI_SPECIFIC_BACKBONE_ADAPTED,28,3,0.96,0.1116872230054115
OpenBMI_MI_S1_to_S2,MI_SPECIFIC_BACKBONE_ADAPTED,38,3,0.76,0.490895069485442
OpenBMI_MI_S1_to_S2,MI_SPECIFIC_BACKBONE_ADAPTED,41,3,0.78,0.564890272251469
OpenBMI_MI_S1_to_S2,MI_SPECIFIC_BACKBONE_ADAPTED,46,3,0.74,0.714243720194604
OpenBMI_MI_S1_to_S2,MI_SPECIFIC_BACKBONE_ADAPTED,9,3,0.81,0.4934385816536683
OpenBMI_MI_S1_to_S2,MI_SPECIFIC_BACKBONE_ADAPTED,11,4,0.72,0.6634221151701577
OpenBMI_MI_S1_to_S2,MI_SPECIFIC_BACKBONE_ADAPTED,12,4,0.79,0.6877559728633509
OpenBMI_MI_S1_to_S2,MI_SPECIFIC_BACKBONE_ADAPTED,23,4,0.77,0.7137888755579403
OpenBMI_MI_S1_to_S2,MI_SPECIFIC_BACKBONE_ADAPTED,3,4,0.97,0.14413179528561437
OpenBMI_MI_S1_to_S2,MI_SPECIFIC_BACKBONE_ADAPTED,30,4,0.75,0.5813614593781931
OpenBMI_MI_S1_to_S2,MI_SPECIFIC_BACKBONE_ADAPTED,31,4,0.8300000000000001,0.4081495709150441
OpenBMI_MI_S1_to_S2,MI_SPECIFIC_BACKBONE_ADAPTED,37,4,0.95,0.16573581172554497
OpenBMI_MI_S1_to_S2,MI_SPECIFIC_BACKBONE_ADAPTED,39,4,0.8300000000000001,0.5554327171901291
OpenBMI_MI_S1_to_S2,MI_SPECIFIC_BACKBONE_ADAPTED,49,4,0.87,0.3888250385796343
OpenBMI_MI_S1_to_S2,MI_SPECIFIC_BACKBONE_ADAPTED,8,4,0.76,0.6862352687809065
OpenBMI_MI_S1_to_S2,V7_FEATURE_BASE,13,0,0.78,0.4516706989799591
OpenBMI_MI_S1_to_S2,META_GENERIC,13,0,0.78,0.4474974744393739
OpenBMI_MI_S1_to_S2,PERSIST_META,13,0,0.78,0.4516706989799591
OpenBMI_MI_S1_to_S2,ANCHOR_PLUS_META_GENERIC_RESIDUAL,13,0,0.78,0.44749747599941314
OpenBMI_MI_S1_to_S2,ANCHOR_PLUS_PERSIST_META_RESIDUAL,13,0,0.78,0.45167070054504366
OpenBMI_MI_S1_to_S2,ANCHOR_BLEND_META_GENERIC,13,0,0.79,0.4493659919046052
OpenBMI_MI_S1_to_S2,ANCHOR_BLEND_PERSIST_META,13,0,0.78,0.4516706997625004
OpenBMI_MI_S1_to_S2,V7_FEATURE_BASE,14,0,0.8,0.4494486452769181
OpenBMI_MI_S1_to_S2,META_GENERIC,14,0,0.8,0.4494486452769181
OpenBMI_MI_S1_to_S2,PERSIST_META,14,0,0.8,0.4494486452769181
OpenBMI_MI_S1_to_S2,ANCHOR_PLUS_META_GENERIC_RESIDUAL,14,0,0.8,0.44944865615639384
OpenBMI_MI_S1_to_S2,ANCHOR_PLUS_PERSIST_META_RESIDUAL,14,0,0.8,0.44944865615639384
OpenBMI_MI_S1_to_S2,ANCHOR_BLEND_META_GENERIC,14,0,0.8,0.4494486507166524
OpenBMI_MI_S1_to_S2,ANCHOR_BLEND_PERSIST_META,14,0,0.8,0.4494486507166524
OpenBMI_MI_S1_to_S2,V7_FEATURE_BASE,19,0,0.73,0.6669744141031945
OpenBMI_MI_S1_to_S2,META_GENERIC,19,0,0.76,0.5516589829081011
OpenBMI_MI_S1_to_S2,PERSIST_META,19,0,0.73,0.6270887894256907
OpenBMI_MI_S1_to_S2,ANCHOR_PLUS_META_GENERIC_RESIDUAL,19,0,0.76,0.5516589771103623
OpenBMI_MI_S1_to_S2,ANCHOR_PLUS_PERSIST_META_RESIDUAL,19,0,0.73,0.627088783380268
OpenBMI_MI_S1_to_S2,ANCHOR_BLEND_META_GENERIC,19,0,0.75,0.6060288764206283
OpenBMI_MI_S1_to_S2,ANCHOR_BLEND_PERSIST_META,19,0,0.73,0.6467252238859098
OpenBMI_MI_S1_to_S2,V7_FEATURE_BASE,2,0,0.83,0.4014263474040984
OpenBMI_MI_S1_to_S2,META_GENERIC,2,0,0.84,0.3947090406913486
OpenBMI_MI_S1_to_S2,PERSIST_META,2,0,0.83,0.4014263474040984
OpenBMI_MI_S1_to_S2,ANCHOR_PLUS_META_GENERIC_RESIDUAL,2,0,0.84,0.3947090390011717
OpenBMI_MI_S1_to_S2,ANCHOR_PLUS_PERSIST_META_RESIDUAL,2,0,0.83,0.4014263456790821
OpenBMI_MI_S1_to_S2,ANCHOR_BLEND_META_GENERIC,2,0,0.84,0.3977527117664479
OpenBMI_MI_S1_to_S2,ANCHOR_BLEND_PERSIST_META,2,0,0.83,0.40142634654158654
OpenBMI_MI_S1_to_S2,V7_FEATURE_BASE,32,0,0.8600000000000001,0.35329593311599744
OpenBMI_MI_S1_to_S2,META_GENERIC,32,0,0.87,0.32525195467802137
OpenBMI_MI_S1_to_S2,PERSIST_META,32,0,0.8600000000000001,0.337170789726315
OpenBMI_MI_S1_to_S2,ANCHOR_PLUS_META_GENERIC_RESIDUAL,32,0,0.87,0.3252519526639211
OpenBMI_MI_S1_to_S2,ANCHOR_PLUS_PERSIST_META_RESIDUAL,32,0,0.8600000000000001,0.33717078750735413
OpenBMI_MI_S1_to_S2,ANCHOR_BLEND_META_GENERIC,32,0,0.8600000000000001,0.33740224854116163
OpenBMI_MI_S1_to_S2,ANCHOR_BLEND_PERSIST_META,32,0,0.8600000000000001,0.34479500293126997
OpenBMI_MI_S1_to_S2,V7_FEATURE_BASE,33,0,0.95,0.14165155295501997
OpenBMI_MI_S1_to_S2,META_GENERIC,33,0,0.95,0.1558812156279676
OpenBMI_MI_S1_to_S2,PERSIST_META,33,0,0.95,0.14165155295501997
OpenBMI_MI_S1_to_S2,ANCHOR_PLUS_META_GENERIC_RESIDUAL,33,0,0.95,0.15588121940180932
OpenBMI_MI_S1_to_S2,ANCHOR_PLUS_PERSIST_META_RESIDUAL,33,0,0.95,0.14165155616319228
OpenBMI_MI_S1_to_S2,ANCHOR_BLEND_META_GENERIC,33,0,0.95,0.14838571680388532
OpenBMI_MI_S1_to_S2,ANCHOR_BLEND_PERSIST_META,33,0,0.95,0.14165155455910253
OpenBMI_MI_S1_to_S2,V7_FEATURE_BASE,36,0,0.98,0.05598006707745518
OpenBMI_MI_S1_to_S2,META_GENERIC,36,0,0.98,0.05598006707745518
OpenBMI_MI_S1_to_S2,PERSIST_META,36,0,0.98,0.05598006707745518
OpenBMI_MI_S1_to_S2,ANCHOR_PLUS_META_GENERIC_RESIDUAL,36,0,0.98,0.05598006546928445
OpenBMI_MI_S1_to_S2,ANCHOR_PLUS_PERSIST_META_RESIDUAL,36,0,0.98,0.05598006546928445
OpenBMI_MI_S1_to_S2,ANCHOR_BLEND_META_GENERIC,36,0,0.98,0.05598006627335431
OpenBMI_MI_S1_to_S2,ANCHOR_BLEND_PERSIST_META,36,0,0.98,0.05598006627335431
OpenBMI_MI_S1_to_S2,V7_FEATURE_BASE,40,0,0.8200000000000001,0.39222187173884676
OpenBMI_MI_S1_to_S2,META_GENERIC,40,0,0.8200000000000001,0.36207635925201387
OpenBMI_MI_S1_to_S2,PERSIST_META,40,0,0.8200000000000001,0.37004869567978643
OpenBMI_MI_S1_to_S2,ANCHOR_PLUS_META_GENERIC_RESIDUAL,40,0,0.8200000000000001,0.3620763608900478
OpenBMI_MI_S1_to_S2,ANCHOR_PLUS_PERSIST_META_RESIDUAL,40,0,0.8200000000000001,0.37004869757723746
OpenBMI_MI_S1_to_S2,ANCHOR_BLEND_META_GENERIC,40,0,0.8200000000000001,0.37641489260283395
OpenBMI_MI_S1_to_S2,ANCHOR_BLEND_PERSIST_META,40,0,0.8200000000000001,0.38057644533501045
OpenBMI_MI_S1_to_S2,V7_FEATURE_BASE,47,0,0.95,0.15902709820602373
OpenBMI_MI_S1_to_S2,META_GENERIC,47,0,0.95,0.15525728017653834
OpenBMI_MI_S1_to_S2,PERSIST_META,47,0,0.95,0.15902709820602373
OpenBMI_MI_S1_to_S2,ANCHOR_PLUS_META_GENERIC_RESIDUAL,47,0,0.95,0.15525727709631965
OpenBMI_MI_S1_to_S2,ANCHOR_PLUS_PERSIST_META_RESIDUAL,47,0,0.95,0.1590270952430115
OpenBMI_MI_S1_to_S2,ANCHOR_BLEND_META_GENERIC,47,0,0.95,0.15685336071231645
OpenBMI_MI_S1_to_S2,ANCHOR_BLEND_PERSIST_META,47,0,0.95,0.15902709672451582
OpenBMI_MI_S1_to_S2,V7_FEATURE_BASE,50,0,0.63,0.9201019267250266
OpenBMI_MI_S1_to_S2,META_GENERIC,50,0,0.63,0.7847561200682039
OpenBMI_MI_S1_to_S2,PERSIST_META,50,0,0.62,0.8579921616853788
OpenBMI_MI_S1_to_S2,ANCHOR_PLUS_META_GENERIC_RESIDUAL,50,0,0.63,0.7847561144285282
OpenBMI_MI_S1_to_S2,ANCHOR_PLUS_PERSIST_META_RESIDUAL,50,0,0.62,0.8579921566421753
OpenBMI_MI_S1_to_S2,ANCHOR_BLEND_META_GENERIC,50,0,0.63,0.8491337120477322
OpenBMI_MI_S1_to_S2,ANCHOR_BLEND_PERSIST_META,50,0,0.63,0.8884998134997778
OpenBMI_MI_S1_to_S2,V7_FEATURE_BASE,53,0,0.8500000000000001,0.33512244045387135
OpenBMI_MI_S1_to_S2,META_GENERIC,53,0,0.8500000000000001,0.3341027109873553
OpenBMI_MI_S1_to_S2,PERSIST_META,53,0,0.8500000000000001,0.33512244045387135
OpenBMI_MI_S1_to_S2,ANCHOR_PLUS_META_GENERIC_RESIDUAL,53,0,0.8500000000000001,0.3341027238448342
OpenBMI_MI_S1_to_S2,ANCHOR_PLUS_PERSIST_META_RESIDUAL,53,0,0.8500000000000001,0.33512245341968483
OpenBMI_MI_S1_to_S2,ANCHOR_BLEND_META_GENERIC,53,0,0.8500000000000001,0.3345842600967658
OpenBMI_MI_S1_to_S2,ANCHOR_BLEND_PERSIST_META,53,0,0.8500000000000001,0.335122446936773
OpenBMI_MI_S1_to_S2,V7_FEATURE_BASE,1,1,0.76,0.6333547067488337
OpenBMI_MI_S1_to_S2,META_GENERIC,1,1,0.79,0.5613277769286252
OpenBMI_MI_S1_to_S2,PERSIST_META,1,1,0.79,0.5613277769286252
OpenBMI_MI_S1_to_S2,ANCHOR_PLUS_META_GENERIC_RESIDUAL,1,1,0.8300000000000001,0.4370954716991985
OpenBMI_MI_S1_to_S2,ANCHOR_PLUS_PERSIST_META_RESIDUAL,1,1,0.8300000000000001,0.4370954716991985
OpenBMI_MI_S1_to_S2,ANCHOR_BLEND_META_GENERIC,1,1,0.79,0.4901031833380253
OpenBMI_MI_S1_to_S2,ANCHOR_BLEND_PERSIST_META,1,1,0.79,0.4901031833380253
OpenBMI_MI_S1_to_S2,V7_FEATURE_BASE,10,1,0.79,0.537884335625942
OpenBMI_MI_S1_to_S2,META_GENERIC,10,1,0.79,0.4853233510441535
OpenBMI_MI_S1_to_S2,PERSIST_META,10,1,0.79,0.5121287872480668
OpenBMI_MI_S1_to_S2,ANCHOR_PLUS_META_GENERIC_RESIDUAL,10,1,0.8,0.5051368791209181
OpenBMI_MI_S1_to_S2,ANCHOR_PLUS_PERSIST_META_RESIDUAL,10,1,0.8,0.46783627273700085
OpenBMI_MI_S1_to_S2,ANCHOR_BLEND_META_GENERIC,10,1,0.85,0.43200751103212
OpenBMI_MI_S1_to_S2,ANCHOR_BLEND_PERSIST_META,10,1,0.84,0.43380101319924963
OpenBMI_MI_S1_to_S2,V7_FEATURE_BASE,16,1,0.85,0.28125855890248347
OpenBMI_MI_S1_to_S2,META_GENERIC,16,1,0.85,0.28125855890248347
OpenBMI_MI_S1_to_S2,PERSIST_META,16,1,0.85,0.28270922900823253
OpenBMI_MI_S1_to_S2,ANCHOR_PLUS_META_GENERIC_RESIDUAL,16,1,0.87,0.2953651242308397
OpenBMI_MI_S1_to_S2,ANCHOR_PLUS_PERSIST_META_RESIDUAL,16,1,0.85,0.3148570352974293
OpenBMI_MI_S1_to_S2,ANCHOR_BLEND_META_GENERIC,16,1,0.89,0.2720494655527324
OpenBMI_MI_S1_to_S2,ANCHOR_BLEND_PERSIST_META,16,1,0.8799999999999999,0.2757327061586928
OpenBMI_MI_S1_to_S2,V7_FEATURE_BASE,25,1,1.0,0.04655365595159809
OpenBMI_MI_S1_to_S2,META_GENERIC,25,1,1.0,0.04655365595159809
OpenBMI_MI_S1_to_S2,PERSIST_META,25,1,1.0,0.05423247576683396
OpenBMI_MI_S1_to_S2,ANCHOR_PLUS_META_GENERIC_RESIDUAL,25,1,0.99,0.05534777969602498
OpenBMI_MI_S1_to_S2,ANCHOR_PLUS_PERSIST_META_RESIDUAL,25,1,0.99,0.06748627123589986
OpenBMI_MI_S1_to_S2,ANCHOR_BLEND_META_GENERIC,25,1,0.99,0.048989081006153234
OpenBMI_MI_S1_to_S2,ANCHOR_BLEND_PERSIST_META,25,1,0.99,0.05328391534717006
OpenBMI_MI_S1_to_S2,V7_FEATURE_BASE,35,1,0.87,0.27744222288500775
OpenBMI_MI_S1_to_S2,META_GENERIC,35,1,0.87,0.27744222288500775
OpenBMI_MI_S1_to_S2,PERSIST_META,35,1,0.88,0.28538051338331466
OpenBMI_MI_S1_to_S2,ANCHOR_PLUS_META_GENERIC_RESIDUAL,35,1,0.8899999999999999,0.2791484584203376
OpenBMI_MI_S1_to_S2,ANCHOR_PLUS_PERSIST_META_RESIDUAL,35,1,0.8899999999999999,0.29974306959399477
OpenBMI_MI_S1_to_S2,ANCHOR_BLEND_META_GENERIC,35,1,0.87,0.2683902422471628
OpenBMI_MI_S1_to_S2,ANCHOR_BLEND_PERSIST_META,35,1,0.88,0.27323804272862817
OpenBMI_MI_S1_to_S2,V7_FEATURE_BASE,42,1,0.77,0.538155890666934
OpenBMI_MI_S1_to_S2,META_GENERIC,42,1,0.77,0.538155890666934
OpenBMI_MI_S1_to_S2,PERSIST_META,42,1,0.75,0.531094240161631
OpenBMI_MI_S1_to_S2,ANCHOR_PLUS_META_GENERIC_RESIDUAL,42,1,0.78,0.5126672875347063
OpenBMI_MI_S1_to_S2,ANCHOR_PLUS_PERSIST_META_RESIDUAL,42,1,0.8,0.5137328823739429
OpenBMI_MI_S1_to_S2,ANCHOR_BLEND_META_GENERIC,42,1,0.77,0.5144167952586323
OpenBMI_MI_S1_to_S2,ANCHOR_BLEND_PERSIST_META,42,1,0.77,0.5122217194274581
OpenBMI_MI_S1_to_S2,V7_FEATURE_BASE,43,1,0.9099999999999999,0.2419445113968949
OpenBMI_MI_S1_to_S2,META_GENERIC,43,1,0.8899999999999999,0.26129257215859003
OpenBMI_MI_S1_to_S2,PERSIST_META,43,1,0.9199999999999999,0.23944243108240623
OpenBMI_MI_S1_to_S2,ANCHOR_PLUS_META_GENERIC_RESIDUAL,43,1,0.9099999999999999,0.25897213924860046
OpenBMI_MI_S1_to_S2,ANCHOR_PLUS_PERSIST_META_RESIDUAL,43,1,0.9099999999999999,0.24522263173049855
OpenBMI_MI_S1_to_S2,ANCHOR_BLEND_META_GENERIC,43,1,0.8899999999999999,0.24404097409705458
OpenBMI_MI_S1_to_S2,ANCHOR_BLEND_PERSIST_META,43,1,0.9199999999999999,0.2345941147926578
OpenBMI_MI_S1_to_S2,V7_FEATURE_BASE,45,1,0.94,0.17467307190621081
OpenBMI_MI_S1_to_S2,META_GENERIC,45,1,0.96,0.17464060705571754
OpenBMI_MI_S1_to_S2,PERSIST_META,45,1,0.96,0.17842994041857818
OpenBMI_MI_S1_to_S2,ANCHOR_PLUS_META_GENERIC_RESIDUAL,45,1,0.94,0.17374148248996396
OpenBMI_MI_S1_to_S2,ANCHOR_PLUS_PERSIST_META_RESIDUAL,45,1,0.94,0.16871906842999998
OpenBMI_MI_S1_to_S2,ANCHOR_BLEND_META_GENERIC,45,1,0.96,0.15218696657668007
OpenBMI_MI_S1_to_S2,ANCHOR_BLEND_PERSIST_META,45,1,0.96,0.15120519460676277
OpenBMI_MI_S1_to_S2,V7_FEATURE_BASE,48,1,0.62,0.8127382359143424
OpenBMI_MI_S1_to_S2,META_GENERIC,48,1,0.62,0.8127382359143424
OpenBMI_MI_S1_to_S2,PERSIST_META,48,1,0.63,0.7611746580847206
OpenBMI_MI_S1_to_S2,ANCHOR_PLUS_META_GENERIC_RESIDUAL,48,1,0.5800000000000001,0.7393502571154618
OpenBMI_MI_S1_to_S2,ANCHOR_PLUS_PERSIST_META_RESIDUAL,48,1,0.59,0.7053147013798831
OpenBMI_MI_S1_to_S2,ANCHOR_BLEND_META_GENERIC,48,1,0.62,0.7619383038096937
OpenBMI_MI_S1_to_S2,ANCHOR_BLEND_PERSIST_META,48,1,0.63,0.7388468291102643
OpenBMI_MI_S1_to_S2,V7_FEATURE_BASE,5,1,0.75,0.5187919266790009
OpenBMI_MI_S1_to_S2,META_GENERIC,5,1,0.74,0.5499511947771984
OpenBMI_MI_S1_to_S2,PERSIST_META,5,1,0.75,0.47205998294329576
OpenBMI_MI_S1_to_S2,ANCHOR_PLUS_META_GENERIC_RESIDUAL,5,1,0.8400000000000001,0.387879744197724
OpenBMI_MI_S1_to_S2,ANCHOR_PLUS_PERSIST_META_RESIDUAL,5,1,0.85,0.3381639172145689
OpenBMI_MI_S1_to_S2,ANCHOR_BLEND_META_GENERIC,5,1,0.8,0.4387089114492019
OpenBMI_MI_S1_to_S2,ANCHOR_BLEND_PERSIST_META,5,1,0.8300000000000001,0.40626048728137126
OpenBMI_MI_S1_to_S2,V7_FEATURE_BASE,6,1,0.96,0.10907721319847115
OpenBMI_MI_S1_to_S2,META_GENERIC,6,1,0.96,0.10907721319847115
OpenBMI_MI_S1_to_S2,PERSIST_META,6,1,0.97,0.10095442535217584
OpenBMI_MI_S1_to_S2,ANCHOR_PLUS_META_GENERIC_RESIDUAL,6,1,0.97,0.06986124389279161
OpenBMI_MI_S1_to_S2,ANCHOR_PLUS_PERSIST_META_RESIDUAL,6,1,0.97,0.0728725611462977
OpenBMI_MI_S1_to_S2,ANCHOR_BLEND_META_GENERIC,6,1,0.97,0.08178777840205687
OpenBMI_MI_S1_to_S2,ANCHOR_BLEND_PERSIST_META,6,1,0.97,0.07978323270457112
OpenBMI_MI_S1_to_S2,V7_FEATURE_BASE,18,2,0.87,0.2642309384754511
OpenBMI_MI_S1_to_S2,META_GENERIC,18,2,0.89,0.22496794852981314
OpenBMI_MI_S1_to_S2,PERSIST_META,18,2,0.89,0.22496794852981314
OpenBMI_MI_S1_to_S2,ANCHOR_PLUS_META_GENERIC_RESIDUAL,18,2,0.9299999999999999,0.1945647418686218
OpenBMI_MI_S1_to_S2,ANCHOR_PLUS_PERSIST_META_RESIDUAL,18,2,0.9299999999999999,0.1945647418686218
OpenBMI_MI_S1_to_S2,ANCHOR_BLEND_META_GENERIC,18,2,0.8999999999999999,0.20943460168649064
OpenBMI_MI_S1_to_S2,ANCHOR_BLEND_PERSIST_META,18,2,0.8999999999999999,0.20943460168649064
OpenBMI_MI_S1_to_S2,V7_FEATURE_BASE,22,2,0.8500000000000001,0.3395223835266983
OpenBMI_MI_S1_to_S2,META_GENERIC,22,2,0.8500000000000001,0.3395223835266983
OpenBMI_MI_S1_to_S2,PERSIST_META,22,2,0.87,0.333227068393131
OpenBMI_MI_S1_to_S2,ANCHOR_PLUS_META_GENERIC_RESIDUAL,22,2,0.8,0.4186056536875792
OpenBMI_MI_S1_to_S2,ANCHOR_PLUS_PERSIST_META_RESIDUAL,22,2,0.77,0.4846281337144675
OpenBMI_MI_S1_to_S2,ANCHOR_BLEND_META_GENERIC,22,2,0.88,0.31942860968150577
OpenBMI_MI_S1_to_S2,ANCHOR_BLEND_PERSIST_META,22,2,0.88,0.330406854395932
OpenBMI_MI_S1_to_S2,V7_FEATURE_BASE,26,2,0.87,0.28826339533634626
OpenBMI_MI_S1_to_S2,META_GENERIC,26,2,0.87,0.28826339533634626
OpenBMI_MI_S1_to_S2,PERSIST_META,26,2,0.87,0.28476939996606804
OpenBMI_MI_S1_to_S2,ANCHOR_PLUS_META_GENERIC_RESIDUAL,26,2,0.84,0.36320028909289254
OpenBMI_MI_S1_to_S2,ANCHOR_PLUS_PERSIST_META_RESIDUAL,26,2,0.8200000000000001,0.4068792270925537
OpenBMI_MI_S1_to_S2,ANCHOR_BLEND_META_GENERIC,26,2,0.85,0.27430886495991347
OpenBMI_MI_S1_to_S2,ANCHOR_BLEND_PERSIST_META,26,2,0.86,0.2815848912036823
OpenBMI_MI_S1_to_S2,V7_FEATURE_BASE,29,2,0.84,0.39075560082639116
OpenBMI_MI_S1_to_S2,META_GENERIC,29,2,0.84,0.39075560082639116
OpenBMI_MI_S1_to_S2,PERSIST_META,29,2,0.84,0.3866230257427892
OpenBMI_MI_S1_to_S2,ANCHOR_PLUS_META_GENERIC_RESIDUAL,29,2,0.8400000000000001,0.32931297393966374
OpenBMI_MI_S1_to_S2,ANCHOR_PLUS_PERSIST_META_RESIDUAL,29,2,0.8600000000000001,0.3319370255953251
OpenBMI_MI_S1_to_S2,ANCHOR_BLEND_META_GENERIC,29,2,0.87,0.35137553846764
OpenBMI_MI_S1_to_S2,ANCHOR_BLEND_PERSIST_META,29,2,0.87,0.3473876013024669
OpenBMI_MI_S1_to_S2,V7_FEATURE_BASE,34,2,0.7,0.8807170187837579
OpenBMI_MI_S1_to_S2,META_GENERIC,34,2,0.7,0.8807170187837579
OpenBMI_MI_S1_to_S2,PERSIST_META,34,2,0.7,0.7099782835914604
OpenBMI_MI_S1_to_S2,ANCHOR_PLUS_META_GENERIC_RESIDUAL,34,2,0.76,0.6444000059384121
OpenBMI_MI_S1_to_S2,ANCHOR_PLUS_PERSIST_META_RESIDUAL,34,2,0.76,0.572271807290678
OpenBMI_MI_S1_to_S2,ANCHOR_BLEND_META_GENERIC,34,2,0.73,0.7275866476381152
OpenBMI_MI_S1_to_S2,ANCHOR_BLEND_PERSIST_META,34,2,0.74,0.6523895100006962
OpenBMI_MI_S1_to_S2,V7_FEATURE_BASE,4,2,0.78,0.511817883016044
OpenBMI_MI_S1_to_S2,META_GENERIC,4,2,0.78,0.511817883016044
OpenBMI_MI_S1_to_S2,PERSIST_META,4,2,0.76,0.4720062990000499
OpenBMI_MI_S1_to_S2,ANCHOR_PLUS_META_GENERIC_RESIDUAL,4,2,0.8,0.44604261348206137
OpenBMI_MI_S1_to_S2,ANCHOR_PLUS_PERSIST_META_RESIDUAL,4,2,0.79,0.4207708056025812
OpenBMI_MI_S1_to_S2,ANCHOR_BLEND_META_GENERIC,4,2,0.79,0.45825227704558436
OpenBMI_MI_S1_to_S2,ANCHOR_BLEND_PERSIST_META,4,2,0.79,0.43679887448701415
OpenBMI_MI_S1_to_S2,V7_FEATURE_BASE,44,2,0.9299999999999999,0.19123638997553555
OpenBMI_MI_S1_to_S2,META_GENERIC,44,2,0.9299999999999999,0.19123638997553555
OpenBMI_MI_S1_to_S2,PERSIST_META,44,2,0.94,0.17167864181743628
OpenBMI_MI_S1_to_S2,ANCHOR_PLUS_META_GENERIC_RESIDUAL,44,2,0.95,0.10387840754999793
OpenBMI_MI_S1_to_S2,ANCHOR_PLUS_PERSIST_META_RESIDUAL,44,2,0.97,0.1008553609686157
OpenBMI_MI_S1_to_S2,ANCHOR_BLEND_META_GENERIC,44,2,0.94,0.13548098279357304
OpenBMI_MI_S1_to_S2,ANCHOR_BLEND_PERSIST_META,44,2,0.94,0.12865978126354627
OpenBMI_MI_S1_to_S2,V7_FEATURE_BASE,51,2,0.76,0.573951773145832
OpenBMI_MI_S1_to_S2,META_GENERIC,51,2,0.76,0.573951773145832
OpenBMI_MI_S1_to_S2,PERSIST_META,51,2,0.76,0.5670208528756728
OpenBMI_MI_S1_to_S2,ANCHOR_PLUS_META_GENERIC_RESIDUAL,51,2,0.73,0.5312329949629603
OpenBMI_MI_S1_to_S2,ANCHOR_PLUS_PERSIST_META_RESIDUAL,51,2,0.73,0.5392657860791168
OpenBMI_MI_S1_to_S2,ANCHOR_BLEND_META_GENERIC,51,2,0.75,0.5430807175210589
OpenBMI_MI_S1_to_S2,ANCHOR_BLEND_PERSIST_META,51,2,0.74,0.5415901964616368
OpenBMI_MI_S1_to_S2,V7_FEATURE_BASE,52,2,0.8200000000000001,0.4810546006991553
OpenBMI_MI_S1_to_S2,META_GENERIC,52,2,0.81,0.49959362890191783
OpenBMI_MI_S1_to_S2,PERSIST_META,52,2,0.81,0.49959362890191783
OpenBMI_MI_S1_to_S2,ANCHOR_PLUS_META_GENERIC_RESIDUAL,52,2,0.79,0.5429606120212865
OpenBMI_MI_S1_to_S2,ANCHOR_PLUS_PERSIST_META_RESIDUAL,52,2,0.79,0.5429606120212865
OpenBMI_MI_S1_to_S2,ANCHOR_BLEND_META_GENERIC,52,2,0.8,0.5043020648550463
OpenBMI_MI_S1_to_S2,ANCHOR_BLEND_PERSIST_META,52,2,0.8,0.5043020648550463
OpenBMI_MI_S1_to_S2,V7_FEATURE_BASE,54,2,0.8200000000000001,0.48861464791919845
OpenBMI_MI_S1_to_S2,META_GENERIC,54,2,0.81,0.47976227781026104
OpenBMI_MI_S1_to_S2,PERSIST_META,54,2,0.81,0.45518036096047615
OpenBMI_MI_S1_to_S2,ANCHOR_PLUS_META_GENERIC_RESIDUAL,54,2,0.82,0.4684602301693291
OpenBMI_MI_S1_to_S2,ANCHOR_PLUS_PERSIST_META_RESIDUAL,54,2,0.81,0.4503527761832901
OpenBMI_MI_S1_to_S2,ANCHOR_BLEND_META_GENERIC,54,2,0.8300000000000001,0.46262820141084104
OpenBMI_MI_S1_to_S2,ANCHOR_BLEND_PERSIST_META,54,2,0.8300000000000001,0.4485075710691817
OpenBMI_MI_S1_to_S2,V7_FEATURE_BASE,7,2,0.84,0.4940701765171642
OpenBMI_MI_S1_to_S2,META_GENERIC,7,2,0.84,0.4940701765171642
OpenBMI_MI_S1_to_S2,PERSIST_META,7,2,0.84,0.4428830802171539
OpenBMI_MI_S1_to_S2,ANCHOR_PLUS_META_GENERIC_RESIDUAL,7,2,0.87,0.37335917429736787
OpenBMI_MI_S1_to_S2,ANCHOR_PLUS_PERSIST_META_RESIDUAL,7,2,0.86,0.3552393301149459
OpenBMI_MI_S1_to_S2,ANCHOR_BLEND_META_GENERIC,7,2,0.86,0.41412935966792874
OpenBMI_MI_S1_to_S2,ANCHOR_BLEND_PERSIST_META,7,2,0.86,0.39394564165779955
OpenBMI_MI_S1_to_S2,V7_FEATURE_BASE,15,3,0.91,0.25463079600513966
OpenBMI_MI_S1_to_S2,META_GENERIC,15,3,0.91,0.25463079600513966
OpenBMI_MI_S1_to_S2,PERSIST_META,15,3,0.9,0.2538246976691822
OpenBMI_MI_S1_to_S2,ANCHOR_PLUS_META_GENERIC_RESIDUAL,15,3,0.91,0.28899063413684584
OpenBMI_MI_S1_to_S2,ANCHOR_PLUS_PERSIST_META_RESIDUAL,15,3,0.89,0.2865693713595655
OpenBMI_MI_S1_to_S2,ANCHOR_BLEND_META_GENERIC,15,3,0.9,0.27024438802467904
OpenBMI_MI_S1_to_S2,ANCHOR_BLEND_PERSIST_META,15,3,0.9,0.2687127402542341
OpenBMI_MI_S1_to_S2,V7_FEATURE_BASE,17,3,0.63,0.8398510266585099
OpenBMI_MI_S1_to_S2,META_GENERIC,17,3,0.63,0.8836500072462832
OpenBMI_MI_S1_to_S2,PERSIST_META,17,3,0.63,0.8615143207989847
OpenBMI_MI_S1_to_S2,ANCHOR_PLUS_META_GENERIC_RESIDUAL,17,3,0.64,0.8495277180375632
OpenBMI_MI_S1_to_S2,ANCHOR_PLUS_PERSIST_META_RESIDUAL,17,3,0.64,0.8283134937343682
OpenBMI_MI_S1_to_S2,ANCHOR_BLEND_META_GENERIC,17,3,0.63,0.8433127109465647
OpenBMI_MI_S1_to_S2,ANCHOR_BLEND_PERSIST_META,17,3,0.63,0.8326280107980496
OpenBMI_MI_S1_to_S2,V7_FEATURE_BASE,20,3,0.8799999999999999,0.23794347454694634
OpenBMI_MI_S1_to_S2,META_GENERIC,20,3,0.8799999999999999,0.23794347454694634
OpenBMI_MI_S1_to_S2,PERSIST_META,20,3,0.8799999999999999,0.23798606344277992
OpenBMI_MI_S1_to_S2,ANCHOR_PLUS_META_GENERIC_RESIDUAL,20,3,0.9,0.23458480267597107
OpenBMI_MI_S1_to_S2,ANCHOR_PLUS_PERSIST_META_RESIDUAL,20,3,0.9,0.23684993068974197
OpenBMI_MI_S1_to_S2,ANCHOR_BLEND_META_GENERIC,20,3,0.9099999999999999,0.235405945871334
OpenBMI_MI_S1_to_S2,ANCHOR_BLEND_PERSIST_META,20,3,0.9099999999999999,0.23551690183229235
OpenBMI_MI_S1_to_S2,V7_FEATURE_BASE,21,3,0.97,0.060649513842886194
OpenBMI_MI_S1_to_S2,META_GENERIC,21,3,0.97,0.05422518993082118
OpenBMI_MI_S1_to_S2,PERSIST_META,21,3,0.98,0.04486409067823541
OpenBMI_MI_S1_to_S2,ANCHOR_PLUS_META_GENERIC_RESIDUAL,21,3,0.98,0.054546887401746715
OpenBMI_MI_S1_to_S2,ANCHOR_PLUS_PERSIST_META_RESIDUAL,21,3,0.98,0.045941949045341435
OpenBMI_MI_S1_to_S2,ANCHOR_BLEND_META_GENERIC,21,3,0.97,0.05688974854468653
OpenBMI_MI_S1_to_S2,ANCHOR_BLEND_PERSIST_META,21,3,0.97,0.05189529888304531
OpenBMI_MI_S1_to_S2,V7_FEATURE_BASE,24,3,0.5599999999999999,1.152513802019788
OpenBMI_MI_S1_to_S2,META_GENERIC,24,3,0.5599999999999999,1.152513802019788
OpenBMI_MI_S1_to_S2,PERSIST_META,24,3,0.6,1.0636570857571384
OpenBMI_MI_S1_to_S2,ANCHOR_PLUS_META_GENERIC_RESIDUAL,24,3,0.58,1.0964485333552796
OpenBMI_MI_S1_to_S2,ANCHOR_PLUS_PERSIST_META_RESIDUAL,24,3,0.61,1.0096870390696748
OpenBMI_MI_S1_to_S2,ANCHOR_BLEND_META_GENERIC,24,3,0.58,1.1234554867187592
OpenBMI_MI_S1_to_S2,ANCHOR_BLEND_PERSIST_META,24,3,0.59,1.0789265984794114
OpenBMI_MI_S1_to_S2,V7_FEATURE_BASE,27,3,0.94,0.13291256362956833
OpenBMI_MI_S1_to_S2,META_GENERIC,27,3,0.94,0.13291256362956833
OpenBMI_MI_S1_to_S2,PERSIST_META,27,3,0.94,0.13455639864586466
OpenBMI_MI_S1_to_S2,ANCHOR_PLUS_META_GENERIC_RESIDUAL,27,3,0.94,0.1398254420844913
OpenBMI_MI_S1_to_S2,ANCHOR_PLUS_PERSIST_META_RESIDUAL,27,3,0.9199999999999999,0.14170400571863753
OpenBMI_MI_S1_to_S2,ANCHOR_BLEND_META_GENERIC,27,3,0.94,0.13598140592613606
OpenBMI_MI_S1_to_S2,ANCHOR_BLEND_PERSIST_META,27,3,0.94,0.13664408234509073
OpenBMI_MI_S1_to_S2,V7_FEATURE_BASE,28,3,0.95,0.10793640917461594
OpenBMI_MI_S1_to_S2,META_GENERIC,28,3,0.96,0.091938627423416
OpenBMI_MI_S1_to_S2,PERSIST_META,28,3,0.95,0.1090528894795909
OpenBMI_MI_S1_to_S2,ANCHOR_PLUS_META_GENERIC_RESIDUAL,28,3,0.97,0.09672007218302923
OpenBMI_MI_S1_to_S2,ANCHOR_PLUS_PERSIST_META_RESIDUAL,28,3,0.96,0.11316509746990601
OpenBMI_MI_S1_to_S2,ANCHOR_BLEND_META_GENERIC,28,3,0.97,0.10013066799278868
OpenBMI_MI_S1_to_S2,ANCHOR_BLEND_PERSIST_META,28,3,0.95,0.10963059171844763
OpenBMI_MI_S1_to_S2,V7_FEATURE_BASE,38,3,0.74,0.5153043191303418
OpenBMI_MI_S1_to_S2,META_GENERIC,38,3,0.74,0.5153043191303418
OpenBMI_MI_S1_to_S2,PERSIST_META,38,3,0.75,0.471563949058751
OpenBMI_MI_S1_to_S2,ANCHOR_PLUS_META_GENERIC_RESIDUAL,38,3,0.76,0.490895069485442
OpenBMI_MI_S1_to_S2,ANCHOR_PLUS_PERSIST_META_RESIDUAL,38,3,0.8,0.4522595413101314
OpenBMI_MI_S1_to_S2,ANCHOR_BLEND_META_GENERIC,38,3,0.74,0.5018696661972019
OpenBMI_MI_S1_to_S2,ANCHOR_BLEND_PERSIST_META,38,3,0.76,0.4797007869576885
OpenBMI_MI_S1_to_S2,V7_FEATURE_BASE,41,3,0.77,0.5841970819843177
OpenBMI_MI_S1_to_S2,META_GENERIC,41,3,0.79,0.5003670973417887
OpenBMI_MI_S1_to_S2,PERSIST_META,41,3,0.77,0.5380987916733879
OpenBMI_MI_S1_to_S2,ANCHOR_PLUS_META_GENERIC_RESIDUAL,41,3,0.79,0.4855358653644353
OpenBMI_MI_S1_to_S2,ANCHOR_PLUS_PERSIST_META_RESIDUAL,41,3,0.79,0.5206172554315669
OpenBMI_MI_S1_to_S2,ANCHOR_BLEND_META_GENERIC,41,3,0.78,0.5281954538661681
OpenBMI_MI_S1_to_S2,ANCHOR_BLEND_PERSIST_META,41,3,0.78,0.5497855533111882
OpenBMI_MI_S1_to_S2,V7_FEATURE_BASE,46,3,0.73,0.7682153418068962
OpenBMI_MI_S1_to_S2,META_GENERIC,46,3,0.73,0.7682153418068962
OpenBMI_MI_S1_to_S2,PERSIST_META,46,3,0.72,0.7305881006816357
OpenBMI_MI_S1_to_S2,ANCHOR_PLUS_META_GENERIC_RESIDUAL,46,3,0.74,0.7142437201946038
OpenBMI_MI_S1_to_S2,ANCHOR_PLUS_PERSIST_META_RESIDUAL,46,3,0.74,0.6786152790151755
OpenBMI_MI_S1_to_S2,ANCHOR_BLEND_META_GENERIC,46,3,0.73,0.7403001393908665
OpenBMI_MI_S1_to_S2,ANCHOR_BLEND_PERSIST_META,46,3,0.73,0.7217073716143583
OpenBMI_MI_S1_to_S2,V7_FEATURE_BASE,9,3,0.82,0.514551223621555
OpenBMI_MI_S1_to_S2,META_GENERIC,9,3,0.8,0.512962932307883
OpenBMI_MI_S1_to_S2,PERSIST_META,9,3,0.8,0.5198166377610661
OpenBMI_MI_S1_to_S2,ANCHOR_PLUS_META_GENERIC_RESIDUAL,9,3,0.8,0.4891423617045011
OpenBMI_MI_S1_to_S2,ANCHOR_PLUS_PERSIST_META_RESIDUAL,9,3,0.81,0.4957671313960387
OpenBMI_MI_S1_to_S2,ANCHOR_BLEND_META_GENERIC,9,3,0.8,0.5004553652073197
OpenBMI_MI_S1_to_S2,ANCHOR_BLEND_PERSIST_META,9,3,0.81,0.5038342497217984
OpenBMI_MI_S1_to_S2,V7_FEATURE_BASE,11,4,0.73,0.883205061903347
OpenBMI_MI_S1_to_S2,META_GENERIC,11,4,0.73,0.883205061903347
OpenBMI_MI_S1_to_S2,PERSIST_META,11,4,0.73,0.883205061903347
OpenBMI_MI_S1_to_S2,ANCHOR_PLUS_META_GENERIC_RESIDUAL,11,4,0.72,0.6634221151701576
OpenBMI_MI_S1_to_S2,ANCHOR_PLUS_PERSIST_META_RESIDUAL,11,4,0.72,0.6634221151701576
OpenBMI_MI_S1_to_S2,ANCHOR_BLEND_META_GENERIC,11,4,0.73,0.7019954558886303
OpenBMI_MI_S1_to_S2,ANCHOR_BLEND_PERSIST_META,11,4,0.73,0.7019954558886303
OpenBMI_MI_S1_to_S2,V7_FEATURE_BASE,12,4,0.8400000000000001,0.9170199068394124
OpenBMI_MI_S1_to_S2,META_GENERIC,12,4,0.8400000000000001,0.9170199068394124
OpenBMI_MI_S1_to_S2,PERSIST_META,12,4,0.8400000000000001,0.9170199068394124
OpenBMI_MI_S1_to_S2,ANCHOR_PLUS_META_GENERIC_RESIDUAL,12,4,0.79,0.687755972863351
OpenBMI_MI_S1_to_S2,ANCHOR_PLUS_PERSIST_META_RESIDUAL,12,4,0.79,0.687755972863351
OpenBMI_MI_S1_to_S2,ANCHOR_BLEND_META_GENERIC,12,4,0.8200000000000001,0.7575088119308306
OpenBMI_MI_S1_to_S2,ANCHOR_BLEND_PERSIST_META,12,4,0.8200000000000001,0.7575088119308306
OpenBMI_MI_S1_to_S2,V7_FEATURE_BASE,23,4,0.8200000000000001,0.5984838275993983
OpenBMI_MI_S1_to_S2,META_GENERIC,23,4,0.8200000000000001,0.5984838275993983
OpenBMI_MI_S1_to_S2,PERSIST_META,23,4,0.8200000000000001,0.5984838275993983
OpenBMI_MI_S1_to_S2,ANCHOR_PLUS_META_GENERIC_RESIDUAL,23,4,0.77,0.7137888755579387
OpenBMI_MI_S1_to_S2,ANCHOR_PLUS_PERSIST_META_RESIDUAL,23,4,0.77,0.7137888755579387
OpenBMI_MI_S1_to_S2,ANCHOR_BLEND_META_GENERIC,23,4,0.8,0.5386448888654732
OpenBMI_MI_S1_to_S2,ANCHOR_BLEND_PERSIST_META,23,4,0.8,0.5386448888654732
OpenBMI_MI_S1_to_S2,V7_FEATURE_BASE,3,4,0.95,0.14181909218058736
OpenBMI_MI_S1_to_S2,META_GENERIC,3,4,0.95,0.1409182225329136
OpenBMI_MI_S1_to_S2,PERSIST_META,3,4,0.95,0.1409182225329136
OpenBMI_MI_S1_to_S2,ANCHOR_PLUS_META_GENERIC_RESIDUAL,3,4,0.97,0.1447495608629735
OpenBMI_MI_S1_to_S2,ANCHOR_PLUS_PERSIST_META_RESIDUAL,3,4,0.97,0.1447495608629735
OpenBMI_MI_S1_to_S2,ANCHOR_BLEND_META_GENERIC,3,4,0.96,0.1383760451339715
OpenBMI_MI_S1_to_S2,ANCHOR_BLEND_PERSIST_META,3,4,0.96,0.1383760451339715
OpenBMI_MI_S1_to_S2,V7_FEATURE_BASE,30,4,0.78,0.8155443055622084
OpenBMI_MI_S1_to_S2,META_GENERIC,30,4,0.78,0.8155443055622084
OpenBMI_MI_S1_to_S2,PERSIST_META,30,4,0.78,0.8155443055622084
OpenBMI_MI_S1_to_S2,ANCHOR_PLUS_META_GENERIC_RESIDUAL,30,4,0.75,0.581361459378193
OpenBMI_MI_S1_to_S2,ANCHOR_PLUS_PERSIST_META_RESIDUAL,30,4,0.75,0.581361459378193
OpenBMI_MI_S1_to_S2,ANCHOR_BLEND_META_GENERIC,30,4,0.76,0.6739986899841415
OpenBMI_MI_S1_to_S2,ANCHOR_BLEND_PERSIST_META,30,4,0.76,0.6739986899841415
OpenBMI_MI_S1_to_S2,V7_FEATURE_BASE,31,4,0.86,0.36826101982230386
OpenBMI_MI_S1_to_S2,META_GENERIC,31,4,0.86,0.36826101982230386
OpenBMI_MI_S1_to_S2,PERSIST_META,31,4,0.86,0.36826101982230386
OpenBMI_MI_S1_to_S2,ANCHOR_PLUS_META_GENERIC_RESIDUAL,31,4,0.8300000000000001,0.4081495709150442
OpenBMI_MI_S1_to_S2,ANCHOR_PLUS_PERSIST_META_RESIDUAL,31,4,0.8300000000000001,0.4081495709150442
OpenBMI_MI_S1_to_S2,ANCHOR_BLEND_META_GENERIC,31,4,0.8600000000000001,0.3551226742255843
OpenBMI_MI_S1_to_S2,ANCHOR_BLEND_PERSIST_META,31,4,0.8600000000000001,0.3551226742255843
OpenBMI_MI_S1_to_S2,V7_FEATURE_BASE,37,4,0.97,0.14889187138389734
OpenBMI_MI_S1_to_S2,META_GENERIC,37,4,0.97,0.14889187138389734
OpenBMI_MI_S1_to_S2,PERSIST_META,37,4,0.97,0.14889187138389734
OpenBMI_MI_S1_to_S2,ANCHOR_PLUS_META_GENERIC_RESIDUAL,37,4,0.95,0.1657358117255448
OpenBMI_MI_S1_to_S2,ANCHOR_PLUS_PERSIST_META_RESIDUAL,37,4,0.95,0.1657358117255448
OpenBMI_MI_S1_to_S2,ANCHOR_BLEND_META_GENERIC,37,4,0.97,0.11491179421846658
OpenBMI_MI_S1_to_S2,ANCHOR_BLEND_PERSIST_META,37,4,0.97,0.11491179421846658
OpenBMI_MI_S1_to_S2,V7_FEATURE_BASE,39,4,0.8500000000000001,0.6920248561323299
OpenBMI_MI_S1_to_S2,META_GENERIC,39,4,0.8500000000000001,0.6920248561323299
OpenBMI_MI_S1_to_S2,PERSIST_META,39,4,0.8500000000000001,0.6920248561323299
OpenBMI_MI_S1_to_S2,ANCHOR_PLUS_META_GENERIC_RESIDUAL,39,4,0.8300000000000001,0.5554327171901283
OpenBMI_MI_S1_to_S2,ANCHOR_PLUS_PERSIST_META_RESIDUAL,39,4,0.8300000000000001,0.5554327171901283
OpenBMI_MI_S1_to_S2,ANCHOR_BLEND_META_GENERIC,39,4,0.88,0.5315762889694583
OpenBMI_MI_S1_to_S2,ANCHOR_BLEND_PERSIST_META,39,4,0.88,0.5315762889694583
OpenBMI_MI_S1_to_S2,V7_FEATURE_BASE,49,4,0.79,0.7161755344140776
OpenBMI_MI_S1_to_S2,META_GENERIC,49,4,0.79,0.7161755344140776
OpenBMI_MI_S1_to_S2,PERSIST_META,49,4,0.79,0.7161755344140776
OpenBMI_MI_S1_to_S2,ANCHOR_PLUS_META_GENERIC_RESIDUAL,49,4,0.87,0.3888250385796343
OpenBMI_MI_S1_to_S2,ANCHOR_PLUS_PERSIST_META_RESIDUAL,49,4,0.87,0.3888250385796343
OpenBMI_MI_S1_to_S2,ANCHOR_BLEND_META_GENERIC,49,4,0.8200000000000001,0.505946257271252
OpenBMI_MI_S1_to_S2,ANCHOR_BLEND_PERSIST_META,49,4,0.8200000000000001,0.505946257271252
OpenBMI_MI_S1_to_S2,V7_FEATURE_BASE,8,4,0.77,1.0240792180642107
OpenBMI_MI_S1_to_S2,META_GENERIC,8,4,0.77,1.0240792180642107
OpenBMI_MI_S1_to_S2,PERSIST_META,8,4,0.77,1.0240792180642107
OpenBMI_MI_S1_to_S2,ANCHOR_PLUS_META_GENERIC_RESIDUAL,8,4,0.76,0.6862352687809065
OpenBMI_MI_S1_to_S2,ANCHOR_PLUS_PERSIST_META_RESIDUAL,8,4,0.76,0.6862352687809065
OpenBMI_MI_S1_to_S2,ANCHOR_BLEND_META_GENERIC,8,4,0.77,0.8162428209318411
OpenBMI_MI_S1_to_S2,ANCHOR_BLEND_PERSIST_META,8,4,0.77,0.8162428209318411
WBCIC_S1S2_to_S3_authorized_development,V5_FIXED_LOGIT_BLEND__A_FUTURE_SESSION_TARGET_ADAPTED,sub-1,0,0.96,0.15727849345888437
WBCIC_S1S2_to_S3_authorized_development,V5_FIXED_LOGIT_BLEND__A_FUTURE_SESSION_TARGET_ADAPTED,sub-3,0,0.9099999999999999,0.2540962385715787
WBCIC_S1S2_to_S3_authorized_development,V5_FIXED_LOGIT_BLEND__A_FUTURE_SESSION_TARGET_ADAPTED,sub-5,0,0.8300000000000001,0.3616165255858989
WBCIC_S1S2_to_S3_authorized_development,V5_FIXED_LOGIT_BLEND__A_FUTURE_SESSION_TARGET_ADAPTED,sub-16,0,0.535,0.7533358600609331
WBCIC_S1S2_to_S3_authorized_development,V5_FIXED_LOGIT_BLEND__A_FUTURE_SESSION_TARGET_ADAPTED,sub-19,0,0.95,0.13506198772934228
WBCIC_S1S2_to_S3_authorized_development,V5_FIXED_LOGIT_BLEND__A_FUTURE_SESSION_TARGET_ADAPTED,sub-21,0,0.865,0.29245179826359674
WBCIC_S1S2_to_S3_authorized_development,V5_FIXED_LOGIT_BLEND__A_FUTURE_SESSION_TARGET_ADAPTED,sub-28,0,0.74,0.5279026388285293
WBCIC_S1S2_to_S3_authorized_development,V5_FIXED_LOGIT_BLEND__A_FUTURE_SESSION_TARGET_ADAPTED,sub-33,0,0.975,0.07230802321334245
WBCIC_S1S2_to_S3_authorized_development,V5_FIXED_LOGIT_BLEND__A_FUTURE_SESSION_TARGET_ADAPTED,sub-37,0,0.87,0.3562711131264389
WBCIC_S1S2_to_S3_authorized_development,V5_FIXED_LOGIT_BLEND__A_FUTURE_SESSION_TARGET_ADAPTED,sub-2,1,0.765,0.4555697409083529
WBCIC_S1S2_to_S3_authorized_development,V5_FIXED_LOGIT_BLEND__A_FUTURE_SESSION_TARGET_ADAPTED,sub-11,1,0.75,0.46238919903884335
WBCIC_S1S2_to_S3_authorized_development,V5_FIXED_LOGIT_BLEND__A_FUTURE_SESSION_TARGET_ADAPTED,sub-13,1,0.895,0.2743863662745732
WBCIC_S1S2_to_S3_authorized_development,V5_FIXED_LOGIT_BLEND__A_FUTURE_SESSION_TARGET_ADAPTED,sub-18,1,0.645,0.6007637461683326
WBCIC_S1S2_to_S3_authorized_development,V5_FIXED_LOGIT_BLEND__A_FUTURE_SESSION_TARGET_ADAPTED,sub-27,1,0.61,0.6364071875263275
WBCIC_S1S2_to_S3_authorized_development,V5_FIXED_LOGIT_BLEND__A_FUTURE_SESSION_TARGET_ADAPTED,sub-36,1,0.99,0.044651978780890715
WBCIC_S1S2_to_S3_authorized_development,V5_FIXED_LOGIT_BLEND__A_FUTURE_SESSION_TARGET_ADAPTED,sub-44,1,0.87,0.3269087897572913
WBCIC_S1S2_to_S3_authorized_development,V5_FIXED_LOGIT_BLEND__A_FUTURE_SESSION_TARGET_ADAPTED,sub-45,1,0.96,0.14266283695004905
WBCIC_S1S2_to_S3_authorized_development,V5_FIXED_LOGIT_BLEND__A_FUTURE_SESSION_TARGET_ADAPTED,sub-9,2,0.6000000000000001,0.6266702676470935
WBCIC_S1S2_to_S3_authorized_development,V5_FIXED_LOGIT_BLEND__A_FUTURE_SESSION_TARGET_ADAPTED,sub-22,2,0.8600000000000001,0.33521148687474467
WBCIC_S1S2_to_S3_authorized_development,V5_FIXED_LOGIT_BLEND__A_FUTURE_SESSION_TARGET_ADAPTED,sub-25,2,0.975,0.054079743713301126
WBCIC_S1S2_to_S3_authorized_development,V5_FIXED_LOGIT_BLEND__A_FUTURE_SESSION_TARGET_ADAPTED,sub-26,2,0.72,0.530116338389226
WBCIC_S1S2_to_S3_authorized_development,V5_FIXED_LOGIT_BLEND__A_FUTURE_SESSION_TARGET_ADAPTED,sub-29,2,0.94,0.19741514841998428
WBCIC_S1S2_to_S3_authorized_development,V5_FIXED_LOGIT_BLEND__A_FUTURE_SESSION_TARGET_ADAPTED,sub-34,2,0.61,0.6643572456131934
WBCIC_S1S2_to_S3_authorized_development,V5_FIXED_LOGIT_BLEND__A_FUTURE_SESSION_TARGET_ADAPTED,sub-35,2,0.955,0.1353793499539529
WBCIC_S1S2_to_S3_authorized_development,V5_FIXED_LOGIT_BLEND__A_FUTURE_SESSION_TARGET_ADAPTED,sub-49,2,0.925,0.1771006634767195
WBCIC_S1S2_to_S3_authorized_development,V5_FIXED_LOGIT_BLEND__A_FUTURE_SESSION_TARGET_ADAPTED,sub-6,3,0.9299999999999999,0.15691663843356823
WBCIC_S1S2_to_S3_authorized_development,V5_FIXED_LOGIT_BLEND__A_FUTURE_SESSION_TARGET_ADAPTED,sub-23,3,0.98,0.06791914643336561
WBCIC_S1S2_to_S3_authorized_development,V5_FIXED_LOGIT_BLEND__A_FUTURE_SESSION_TARGET_ADAPTED,sub-24,3,0.9434974747474747,0.13154638104653923
WBCIC_S1S2_to_S3_authorized_development,V5_FIXED_LOGIT_BLEND__A_FUTURE_SESSION_TARGET_ADAPTED,sub-30,3,0.905,0.308514140180202
WBCIC_S1S2_to_S3_authorized_development,V5_FIXED_LOGIT_BLEND__A_FUTURE_SESSION_TARGET_ADAPTED,sub-31,3,0.5900000000000001,0.6989465156244229
WBCIC_S1S2_to_S3_authorized_development,V5_FIXED_LOGIT_BLEND__A_FUTURE_SESSION_TARGET_ADAPTED,sub-38,3,0.505,0.7082108247405156
WBCIC_S1S2_to_S3_authorized_development,V5_FIXED_LOGIT_BLEND__A_FUTURE_SESSION_TARGET_ADAPTED,sub-41,3,0.905,0.20884953907438564
WBCIC_S1S2_to_S3_authorized_development,V5_FIXED_LOGIT_BLEND__A_FUTURE_SESSION_TARGET_ADAPTED,sub-42,3,0.715,0.5303575983420745
WBCIC_S1S2_to_S3_authorized_development,V5_FIXED_LOGIT_BLEND__A_FUTURE_SESSION_TARGET_ADAPTED,sub-7,4,0.855,0.3342182465969222
WBCIC_S1S2_to_S3_authorized_development,V5_FIXED_LOGIT_BLEND__A_FUTURE_SESSION_TARGET_ADAPTED,sub-12,4,0.73,0.4499431378175634
WBCIC_S1S2_to_S3_authorized_development,V5_FIXED_LOGIT_BLEND__A_FUTURE_SESSION_TARGET_ADAPTED,sub-14,4,0.555,0.7278616603902459
WBCIC_S1S2_to_S3_authorized_development,V5_FIXED_LOGIT_BLEND__A_FUTURE_SESSION_TARGET_ADAPTED,sub-17,4,0.855,0.31569289498084496
WBCIC_S1S2_to_S3_authorized_development,V5_FIXED_LOGIT_BLEND__A_FUTURE_SESSION_TARGET_ADAPTED,sub-32,4,0.715,0.5774140610630996
WBCIC_S1S2_to_S3_authorized_development,V5_FIXED_LOGIT_BLEND__A_FUTURE_SESSION_TARGET_ADAPTED,sub-47,4,0.96,0.11315713103802079
WBCIC_S1S2_to_S3_authorized_development,V5_FIXED_LOGIT_BLEND__A_FUTURE_SESSION_TARGET_ADAPTED,sub-48,4,0.8500000000000001,0.3127242574101377
WBCIC_S1S2_to_S3_authorized_development,V5_FIXED_LOGIT_BLEND__A_FUTURE_SESSION_TARGET_ADAPTED,sub-50,4,0.955,0.09815224709300382
WBCIC_S1S2_to_S3_authorized_development,V7_FEATURE_BASE,sub-1,0,0.915,0.28580524517459377
WBCIC_S1S2_to_S3_authorized_development,META_GENERIC,sub-1,0,0.94,0.2557010588866516
WBCIC_S1S2_to_S3_authorized_development,PERSIST_META,sub-1,0,0.9450000000000001,0.24028740590592762
WBCIC_S1S2_to_S3_authorized_development,ANCHOR_PLUS_META_GENERIC_RESIDUAL,sub-1,0,0.97,0.15062067842700258
WBCIC_S1S2_to_S3_authorized_development,ANCHOR_PLUS_PERSIST_META_RESIDUAL,sub-1,0,0.96,0.15302724393996658
WBCIC_S1S2_to_S3_authorized_development,ANCHOR_BLEND_META_GENERIC,sub-1,0,0.965,0.18582204394136034
WBCIC_S1S2_to_S3_authorized_development,ANCHOR_BLEND_PERSIST_META,sub-1,0,0.96,0.18346717195681767
WBCIC_S1S2_to_S3_authorized_development,V7_FEATURE_BASE,sub-3,0,0.875,0.3238612340701495
WBCIC_S1S2_to_S3_authorized_development,META_GENERIC,sub-3,0,0.875,0.3238612340701495
WBCIC_S1S2_to_S3_authorized_development,PERSIST_META,sub-3,0,0.87,0.3412896605082807
WBCIC_S1S2_to_S3_authorized_development,ANCHOR_PLUS_META_GENERIC_RESIDUAL,sub-3,0,0.9099999999999999,0.2540962385715787
WBCIC_S1S2_to_S3_authorized_development,ANCHOR_PLUS_PERSIST_META_RESIDUAL,sub-3,0,0.9099999999999999,0.25911576523886237
WBCIC_S1S2_to_S3_authorized_development,ANCHOR_BLEND_META_GENERIC,sub-3,0,0.905,0.27523596402974543
WBCIC_S1S2_to_S3_authorized_development,ANCHOR_BLEND_PERSIST_META,sub-3,0,0.8999999999999999,0.2785146015318664
WBCIC_S1S2_to_S3_authorized_development,V7_FEATURE_BASE,sub-5,0,0.78,0.4270207884144945
WBCIC_S1S2_to_S3_authorized_development,META_GENERIC,sub-5,0,0.77,0.4241749341004757
WBCIC_S1S2_to_S3_authorized_development,PERSIST_META,sub-5,0,0.77,0.4238959156949625
WBCIC_S1S2_to_S3_authorized_development,ANCHOR_PLUS_META_GENERIC_RESIDUAL,sub-5,0,0.8400000000000001,0.3604060775499752
WBCIC_S1S2_to_S3_authorized_development,ANCHOR_PLUS_PERSIST_META_RESIDUAL,sub-5,0,0.845,0.3613207188190988
WBCIC_S1S2_to_S3_authorized_development,ANCHOR_BLEND_META_GENERIC,sub-5,0,0.81,0.3862441672775185
WBCIC_S1S2_to_S3_authorized_development,ANCHOR_BLEND_PERSIST_META,sub-5,0,0.81,0.3855489305676018
WBCIC_S1S2_to_S3_authorized_development,V7_FEATURE_BASE,sub-16,0,0.525,0.793409106691351
WBCIC_S1S2_to_S3_authorized_development,META_GENERIC,sub-16,0,0.52,0.7527286912348541
WBCIC_S1S2_to_S3_authorized_development,PERSIST_META,sub-16,0,0.525,0.7159779655970828
WBCIC_S1S2_to_S3_authorized_development,ANCHOR_PLUS_META_GENERIC_RESIDUAL,sub-16,0,0.55,0.7283476237092296
WBCIC_S1S2_to_S3_authorized_development,ANCHOR_PLUS_PERSIST_META_RESIDUAL,sub-16,0,0.495,0.7082004630189854
WBCIC_S1S2_to_S3_authorized_development,ANCHOR_BLEND_META_GENERIC,sub-16,0,0.5349999999999999,0.7491842173875028
WBCIC_S1S2_to_S3_authorized_development,ANCHOR_BLEND_PERSIST_META,sub-16,0,0.53,0.7301392152897316
WBCIC_S1S2_to_S3_authorized_development,V7_FEATURE_BASE,sub-19,0,0.94,0.16850968652307582
WBCIC_S1S2_to_S3_authorized_development,META_GENERIC,sub-19,0,0.94,0.16850968652307582
WBCIC_S1S2_to_S3_authorized_development,PERSIST_META,sub-19,0,0.935,0.1755546395657545
WBCIC_S1S2_to_S3_authorized_development,ANCHOR_PLUS_META_GENERIC_RESIDUAL,sub-19,0,0.95,0.13506198772934225
WBCIC_S1S2_to_S3_authorized_development,ANCHOR_PLUS_PERSIST_META_RESIDUAL,sub-19,0,0.95,0.14018340066423243
WBCIC_S1S2_to_S3_authorized_development,ANCHOR_BLEND_META_GENERIC,sub-19,0,0.95,0.14844117385555136
WBCIC_S1S2_to_S3_authorized_development,ANCHOR_BLEND_PERSIST_META,sub-19,0,0.95,0.15066723545358857
WBCIC_S1S2_to_S3_authorized_development,V7_FEATURE_BASE,sub-21,0,0.835,0.34503764472445025
WBCIC_S1S2_to_S3_authorized_development,META_GENERIC,sub-21,0,0.8300000000000001,0.3487923283265828
WBCIC_S1S2_to_S3_authorized_development,PERSIST_META,sub-21,0,0.8400000000000001,0.3404623887247247
WBCIC_S1S2_to_S3_authorized_development,ANCHOR_PLUS_META_GENERIC_RESIDUAL,sub-21,0,0.87,0.2992190273059926
WBCIC_S1S2_to_S3_authorized_development,ANCHOR_PLUS_PERSIST_META_RESIDUAL,sub-21,0,0.87,0.292206455118955
WBCIC_S1S2_to_S3_authorized_development,ANCHOR_BLEND_META_GENERIC,sub-21,0,0.8600000000000001,0.3151615066009316
WBCIC_S1S2_to_S3_authorized_development,ANCHOR_BLEND_PERSIST_META,sub-21,0,0.8600000000000001,0.3114709070997002
WBCIC_S1S2_to_S3_authorized_development,V7_FEATURE_BASE,sub-28,0,0.665,0.5736187767121854
WBCIC_S1S2_to_S3_authorized_development,META_GENERIC,sub-28,0,0.6799999999999999,0.5545764902151028
WBCIC_S1S2_to_S3_authorized_development,PERSIST_META,sub-28,0,0.69,0.5453248615116326
WBCIC_S1S2_to_S3_authorized_development,ANCHOR_PLUS_META_GENERIC_RESIDUAL,sub-28,0,0.745,0.5201612644005248
WBCIC_S1S2_to_S3_authorized_development,ANCHOR_PLUS_PERSIST_META_RESIDUAL,sub-28,0,0.73,0.5292982737403557
WBCIC_S1S2_to_S3_authorized_development,ANCHOR_BLEND_META_GENERIC,sub-28,0,0.72,0.5292669461326409
WBCIC_S1S2_to_S3_authorized_development,ANCHOR_BLEND_PERSIST_META,sub-28,0,0.715,0.5268140767385616
WBCIC_S1S2_to_S3_authorized_development,V7_FEATURE_BASE,sub-33,0,0.945,0.13190956683996397
WBCIC_S1S2_to_S3_authorized_development,META_GENERIC,sub-33,0,0.96,0.1237042180166335
WBCIC_S1S2_to_S3_authorized_development,PERSIST_META,sub-33,0,0.95,0.11046868289987628
WBCIC_S1S2_to_S3_authorized_development,ANCHOR_PLUS_META_GENERIC_RESIDUAL,sub-33,0,0.975,0.07244602902502792
WBCIC_S1S2_to_S3_authorized_development,ANCHOR_PLUS_PERSIST_META_RESIDUAL,sub-33,0,0.965,0.07336806513047565
WBCIC_S1S2_to_S3_authorized_development,ANCHOR_BLEND_META_GENERIC,sub-33,0,0.97,0.08856455799837
WBCIC_S1S2_to_S3_authorized_development,ANCHOR_BLEND_PERSIST_META,sub-33,0,0.97,0.08525780779291534
WBCIC_S1S2_to_S3_authorized_development,V7_FEATURE_BASE,sub-37,0,0.87,0.35587387541604476
WBCIC_S1S2_to_S3_authorized_development,META_GENERIC,sub-37,0,0.8600000000000001,0.34583509002162666
WBCIC_S1S2_to_S3_authorized_development,PERSIST_META,sub-37,0,0.87,0.35776746053595704
WBCIC_S1S2_to_S3_authorized_development,ANCHOR_PLUS_META_GENERIC_RESIDUAL,sub-37,0,0.86,0.3547800361640279
WBCIC_S1S2_to_S3_authorized_development,ANCHOR_PLUS_PERSIST_META_RESIDUAL,sub-37,0,0.87,0.361445169906562
WBCIC_S1S2_to_S3_authorized_development,ANCHOR_BLEND_META_GENERIC,sub-37,0,0.8799999999999999,0.343573239588368
WBCIC_S1S2_to_S3_authorized_development,ANCHOR_BLEND_PERSIST_META,sub-37,0,0.8799999999999999,0.3491614912480431
WBCIC_S1S2_to_S3_authorized_development,V7_FEATURE_BASE,sub-2,1,0.755,0.5312639888845105
WBCIC_S1S2_to_S3_authorized_development,META_GENERIC,sub-2,1,0.76,0.4647074039322391
WBCIC_S1S2_to_S3_authorized_development,PERSIST_META,sub-2,1,0.76,0.4647074039322391
WBCIC_S1S2_to_S3_authorized_development,ANCHOR_PLUS_META_GENERIC_RESIDUAL,sub-2,1,0.785,0.4588360537704134
WBCIC_S1S2_to_S3_authorized_development,ANCHOR_PLUS_PERSIST_META_RESIDUAL,sub-2,1,0.785,0.4588360537704134
WBCIC_S1S2_to_S3_authorized_development,ANCHOR_BLEND_META_GENERIC,sub-2,1,0.76,0.4573317505269251
WBCIC_S1S2_to_S3_authorized_development,ANCHOR_BLEND_PERSIST_META,sub-2,1,0.76,0.4573317505269251
WBCIC_S1S2_to_S3_authorized_development,V7_FEATURE_BASE,sub-11,1,0.69,0.5562425332715726
WBCIC_S1S2_to_S3_authorized_development,META_GENERIC,sub-11,1,0.7050000000000001,0.5370226272214229
WBCIC_S1S2_to_S3_authorized_development,PERSIST_META,sub-11,1,0.7050000000000001,0.5370226272214229
WBCIC_S1S2_to_S3_authorized_development,ANCHOR_PLUS_META_GENERIC_RESIDUAL,sub-11,1,0.7749999999999999,0.4644154680319849
WBCIC_S1S2_to_S3_authorized_development,ANCHOR_PLUS_PERSIST_META_RESIDUAL,sub-11,1,0.7749999999999999,0.4644154680319849
WBCIC_S1S2_to_S3_authorized_development,ANCHOR_BLEND_META_GENERIC,sub-11,1,0.72,0.49038100358030606
WBCIC_S1S2_to_S3_authorized_development,ANCHOR_BLEND_PERSIST_META,sub-11,1,0.72,0.49038100358030606
WBCIC_S1S2_to_S3_authorized_development,V7_FEATURE_BASE,sub-13,1,0.895,0.2486967547577096
WBCIC_S1S2_to_S3_authorized_development,META_GENERIC,sub-13,1,0.885,0.28289488514711797
WBCIC_S1S2_to_S3_authorized_development,PERSIST_META,sub-13,1,0.885,0.28289488514711797
WBCIC_S1S2_to_S3_authorized_development,ANCHOR_PLUS_META_GENERIC_RESIDUAL,sub-13,1,0.875,0.380922826170656
WBCIC_S1S2_to_S3_authorized_development,ANCHOR_PLUS_PERSIST_META_RESIDUAL,sub-13,1,0.875,0.380922826170656
WBCIC_S1S2_to_S3_authorized_development,ANCHOR_BLEND_META_GENERIC,sub-13,1,0.885,0.2749200404633116
WBCIC_S1S2_to_S3_authorized_development,ANCHOR_BLEND_PERSIST_META,sub-13,1,0.885,0.2749200404633116
WBCIC_S1S2_to_S3_authorized_development,V7_FEATURE_BASE,sub-18,1,0.665,0.6302750880763258
WBCIC_S1S2_to_S3_authorized_development,META_GENERIC,sub-18,1,0.6799999999999999,0.5851023747590767
WBCIC_S1S2_to_S3_authorized_development,PERSIST_META,sub-18,1,0.6799999999999999,0.5851023747590767
WBCIC_S1S2_to_S3_authorized_development,ANCHOR_PLUS_META_GENERIC_RESIDUAL,sub-18,1,0.575,0.6735388975996355
WBCIC_S1S2_to_S3_authorized_development,ANCHOR_PLUS_PERSIST_META_RESIDUAL,sub-18,1,0.575,0.6735388975996355
WBCIC_S1S2_to_S3_authorized_development,ANCHOR_BLEND_META_GENERIC,sub-18,1,0.66,0.5856533568171504
WBCIC_S1S2_to_S3_authorized_development,ANCHOR_BLEND_PERSIST_META,sub-18,1,0.66,0.5856533568171504
WBCIC_S1S2_to_S3_authorized_development,V7_FEATURE_BASE,sub-27,1,0.635,0.7119445538323796
WBCIC_S1S2_to_S3_authorized_development,META_GENERIC,sub-27,1,0.63,0.6736175887735439
WBCIC_S1S2_to_S3_authorized_development,PERSIST_META,sub-27,1,0.63,0.6736175887735439
WBCIC_S1S2_to_S3_authorized_development,ANCHOR_PLUS_META_GENERIC_RESIDUAL,sub-27,1,0.61,0.6443032045882653
WBCIC_S1S2_to_S3_authorized_development,ANCHOR_PLUS_PERSIST_META_RESIDUAL,sub-27,1,0.61,0.6443032045882653
WBCIC_S1S2_to_S3_authorized_development,ANCHOR_BLEND_META_GENERIC,sub-27,1,0.6200000000000001,0.6485599977116475
WBCIC_S1S2_to_S3_authorized_development,ANCHOR_BLEND_PERSIST_META,sub-27,1,0.6200000000000001,0.6485599977116475
WBCIC_S1S2_to_S3_authorized_development,V7_FEATURE_BASE,sub-36,1,0.98,0.05225036433881582
WBCIC_S1S2_to_S3_authorized_development,META_GENERIC,sub-36,1,0.98,0.06485641488233099
WBCIC_S1S2_to_S3_authorized_development,PERSIST_META,sub-36,1,0.98,0.056183150805020926
WBCIC_S1S2_to_S3_authorized_development,ANCHOR_PLUS_META_GENERIC_RESIDUAL,sub-36,1,0.99,0.06256074459586378
WBCIC_S1S2_to_S3_authorized_development,ANCHOR_PLUS_PERSIST_META_RESIDUAL,sub-36,1,0.99,0.049943527973452057
WBCIC_S1S2_to_S3_authorized_development,ANCHOR_BLEND_META_GENERIC,sub-36,1,0.99,0.051774192321658107
WBCIC_S1S2_to_S3_authorized_development,ANCHOR_BLEND_PERSIST_META,sub-36,1,0.99,0.04864699145191435
WBCIC_S1S2_to_S3_authorized_development,V7_FEATURE_BASE,sub-44,1,0.825,0.3734172053901916
WBCIC_S1S2_to_S3_authorized_development,META_GENERIC,sub-44,1,0.825,0.3757466380993921
WBCIC_S1S2_to_S3_authorized_development,PERSIST_META,sub-44,1,0.825,0.3757466380993921
WBCIC_S1S2_to_S3_authorized_development,ANCHOR_PLUS_META_GENERIC_RESIDUAL,sub-44,1,0.87,0.37132043066448595
WBCIC_S1S2_to_S3_authorized_development,ANCHOR_PLUS_PERSIST_META_RESIDUAL,sub-44,1,0.87,0.37132043066448595
WBCIC_S1S2_to_S3_authorized_development,ANCHOR_BLEND_META_GENERIC,sub-44,1,0.86,0.34661383203146484
WBCIC_S1S2_to_S3_authorized_development,ANCHOR_BLEND_PERSIST_META,sub-44,1,0.86,0.34661383203146484
WBCIC_S1S2_to_S3_authorized_development,V7_FEATURE_BASE,sub-45,1,0.9450000000000001,0.17314487749616933
WBCIC_S1S2_to_S3_authorized_development,META_GENERIC,sub-45,1,0.9450000000000001,0.18327654812082192
WBCIC_S1S2_to_S3_authorized_development,PERSIST_META,sub-45,1,0.9450000000000001,0.18327654812082192
WBCIC_S1S2_to_S3_authorized_development,ANCHOR_PLUS_META_GENERIC_RESIDUAL,sub-45,1,0.96,0.16135644692185783
WBCIC_S1S2_to_S3_authorized_development,ANCHOR_PLUS_PERSIST_META_RESIDUAL,sub-45,1,0.96,0.16135644692185783
WBCIC_S1S2_to_S3_authorized_development,ANCHOR_BLEND_META_GENERIC,sub-45,1,0.96,0.158826448748434
WBCIC_S1S2_to_S3_authorized_development,ANCHOR_BLEND_PERSIST_META,sub-45,1,0.96,0.158826448748434
WBCIC_S1S2_to_S3_authorized_development,V7_FEATURE_BASE,sub-9,2,0.5700000000000001,0.7196991106378954
WBCIC_S1S2_to_S3_authorized_development,META_GENERIC,sub-9,2,0.5700000000000001,0.6876087064906445
WBCIC_S1S2_to_S3_authorized_development,PERSIST_META,sub-9,2,0.5700000000000001,0.7196991106378954
WBCIC_S1S2_to_S3_authorized_development,ANCHOR_PLUS_META_GENERIC_RESIDUAL,sub-9,2,0.5800000000000001,0.6132484890854162
WBCIC_S1S2_to_S3_authorized_development,ANCHOR_PLUS_PERSIST_META_RESIDUAL,sub-9,2,0.6000000000000001,0.6266702676470935
WBCIC_S1S2_to_S3_authorized_development,ANCHOR_BLEND_META_GENERIC,sub-9,2,0.595,0.6511188588637643
WBCIC_S1S2_to_S3_authorized_development,ANCHOR_BLEND_PERSIST_META,sub-9,2,0.5900000000000001,0.6642590008799281
WBCIC_S1S2_to_S3_authorized_development,V7_FEATURE_BASE,sub-22,2,0.735,0.5572028007006985
WBCIC_S1S2_to_S3_authorized_development,META_GENERIC,sub-22,2,0.74,0.5330886766903125
WBCIC_S1S2_to_S3_authorized_development,PERSIST_META,sub-22,2,0.73,0.5315111289722367
WBCIC_S1S2_to_S3_authorized_development,ANCHOR_PLUS_META_GENERIC_RESIDUAL,sub-22,2,0.8300000000000001,0.35341557637296217
WBCIC_S1S2_to_S3_authorized_development,ANCHOR_PLUS_PERSIST_META_RESIDUAL,sub-22,2,0.8500000000000001,0.3500806510487244
WBCIC_S1S2_to_S3_authorized_development,ANCHOR_BLEND_META_GENERIC,sub-22,2,0.8200000000000001,0.3984642558945078
WBCIC_S1S2_to_S3_authorized_development,ANCHOR_BLEND_PERSIST_META,sub-22,2,0.81,0.3977822270680228
WBCIC_S1S2_to_S3_authorized_development,V7_FEATURE_BASE,sub-25,2,0.97,0.04552148255661763
WBCIC_S1S2_to_S3_authorized_development,META_GENERIC,sub-25,2,0.97,0.04552148255661763
WBCIC_S1S2_to_S3_authorized_development,PERSIST_META,sub-25,2,0.97,0.04552148255661763
WBCIC_S1S2_to_S3_authorized_development,ANCHOR_PLUS_META_GENERIC_RESIDUAL,sub-25,2,0.975,0.05407974371330112
WBCIC_S1S2_to_S3_authorized_development,ANCHOR_PLUS_PERSIST_META_RESIDUAL,sub-25,2,0.975,0.05407974371330112
WBCIC_S1S2_to_S3_authorized_development,ANCHOR_BLEND_META_GENERIC,sub-25,2,0.98,0.04795054408084367
WBCIC_S1S2_to_S3_authorized_development,ANCHOR_BLEND_PERSIST_META,sub-25,2,0.98,0.04795054408084367
WBCIC_S1S2_to_S3_authorized_development,V7_FEATURE_BASE,sub-26,2,0.7150000000000001,0.5870919140861497
WBCIC_S1S2_to_S3_authorized_development,META_GENERIC,sub-26,2,0.7150000000000001,0.6031826898696058
WBCIC_S1S2_to_S3_authorized_development,PERSIST_META,sub-26,2,0.7150000000000001,0.5870919140861497
WBCIC_S1S2_to_S3_authorized_development,ANCHOR_PLUS_META_GENERIC_RESIDUAL,sub-26,2,0.69,0.5380494154399801
WBCIC_S1S2_to_S3_authorized_development,ANCHOR_PLUS_PERSIST_META_RESIDUAL,sub-26,2,0.72,0.530116338389226
WBCIC_S1S2_to_S3_authorized_development,ANCHOR_BLEND_META_GENERIC,sub-26,2,0.72,0.5455296776731692
WBCIC_S1S2_to_S3_authorized_development,ANCHOR_BLEND_PERSIST_META,sub-26,2,0.7150000000000001,0.541809207439115
WBCIC_S1S2_to_S3_authorized_development,V7_FEATURE_BASE,sub-29,2,0.87,0.29493940728523016
WBCIC_S1S2_to_S3_authorized_development,META_GENERIC,sub-29,2,0.88,0.30472425398864567
WBCIC_S1S2_to_S3_authorized_development,PERSIST_META,sub-29,2,0.87,0.29493940728523016
WBCIC_S1S2_to_S3_authorized_development,ANCHOR_PLUS_META_GENERIC_RESIDUAL,sub-29,2,0.945,0.2153402091171483
WBCIC_S1S2_to_S3_authorized_development,ANCHOR_PLUS_PERSIST_META_RESIDUAL,sub-29,2,0.94,0.19741514841998428
WBCIC_S1S2_to_S3_authorized_development,ANCHOR_BLEND_META_GENERIC,sub-29,2,0.925,0.23842876015683148
WBCIC_S1S2_to_S3_authorized_development,ANCHOR_BLEND_PERSIST_META,sub-29,2,0.915,0.23352918370262202
WBCIC_S1S2_to_S3_authorized_development,V7_FEATURE_BASE,sub-34,2,0.5700000000000001,0.760253674195885
WBCIC_S1S2_to_S3_authorized_development,META_GENERIC,sub-34,2,0.565,0.7204702765991646
WBCIC_S1S2_to_S3_authorized_development,PERSIST_META,sub-34,2,0.55,0.7189516200831774
WBCIC_S1S2_to_S3_authorized_development,ANCHOR_PLUS_META_GENERIC_RESIDUAL,sub-34,2,0.63,0.6617064887281231
WBCIC_S1S2_to_S3_authorized_development,ANCHOR_PLUS_PERSIST_META_RESIDUAL,sub-34,2,0.62,0.6609612436625878
WBCIC_S1S2_to_S3_authorized_development,ANCHOR_BLEND_META_GENERIC,sub-34,2,0.5900000000000001,0.682718541994588
WBCIC_S1S2_to_S3_authorized_development,ANCHOR_BLEND_PERSIST_META,sub-34,2,0.5900000000000001,0.6819627534976163
WBCIC_S1S2_to_S3_authorized_development,V7_FEATURE_BASE,sub-35,2,0.935,0.1601333037653708
WBCIC_S1S2_to_S3_authorized_development,META_GENERIC,sub-35,2,0.935,0.1601333037653708
WBCIC_S1S2_to_S3_authorized_development,PERSIST_META,sub-35,2,0.935,0.1601333037653708
WBCIC_S1S2_to_S3_authorized_development,ANCHOR_PLUS_META_GENERIC_RESIDUAL,sub-35,2,0.955,0.1353793499539529
WBCIC_S1S2_to_S3_authorized_development,ANCHOR_PLUS_PERSIST_META_RESIDUAL,sub-35,2,0.955,0.1353793499539529
WBCIC_S1S2_to_S3_authorized_development,ANCHOR_BLEND_META_GENERIC,sub-35,2,0.945,0.1442966274148832
WBCIC_S1S2_to_S3_authorized_development,ANCHOR_BLEND_PERSIST_META,sub-35,2,0.945,0.1442966274148832
WBCIC_S1S2_to_S3_authorized_development,V7_FEATURE_BASE,sub-49,2,0.915,0.23677760109909995
WBCIC_S1S2_to_S3_authorized_development,META_GENERIC,sub-49,2,0.915,0.23677760109909995
WBCIC_S1S2_to_S3_authorized_development,PERSIST_META,sub-49,2,0.915,0.23677760109909995
WBCIC_S1S2_to_S3_authorized_development,ANCHOR_PLUS_META_GENERIC_RESIDUAL,sub-49,2,0.925,0.1771006634767195
WBCIC_S1S2_to_S3_authorized_development,ANCHOR_PLUS_PERSIST_META_RESIDUAL,sub-49,2,0.925,0.1771006634767195
WBCIC_S1S2_to_S3_authorized_development,ANCHOR_BLEND_META_GENERIC,sub-49,2,0.93,0.18753132666072184
WBCIC_S1S2_to_S3_authorized_development,ANCHOR_BLEND_PERSIST_META,sub-49,2,0.93,0.18753132666072184
WBCIC_S1S2_to_S3_authorized_development,V7_FEATURE_BASE,sub-6,3,0.895,0.21203588318925767
WBCIC_S1S2_to_S3_authorized_development,META_GENERIC,sub-6,3,0.895,0.21203588318925767
WBCIC_S1S2_to_S3_authorized_development,PERSIST_META,sub-6,3,0.91,0.210648608857904
WBCIC_S1S2_to_S3_authorized_development,ANCHOR_PLUS_META_GENERIC_RESIDUAL,sub-6,3,0.9299999999999999,0.1569166384335682
WBCIC_S1S2_to_S3_authorized_development,ANCHOR_PLUS_PERSIST_META_RESIDUAL,sub-6,3,0.925,0.16225055568146396
WBCIC_S1S2_to_S3_authorized_development,ANCHOR_BLEND_META_GENERIC,sub-6,3,0.9299999999999999,0.17656816277001833
WBCIC_S1S2_to_S3_authorized_development,ANCHOR_BLEND_PERSIST_META,sub-6,3,0.9299999999999999,0.1747031217865717
WBCIC_S1S2_to_S3_authorized_development,V7_FEATURE_BASE,sub-23,3,0.975,0.07822785795973423
WBCIC_S1S2_to_S3_authorized_development,META_GENERIC,sub-23,3,0.975,0.07822785795973423
WBCIC_S1S2_to_S3_authorized_development,PERSIST_META,sub-23,3,0.975,0.07312117181428227
WBCIC_S1S2_to_S3_authorized_development,ANCHOR_PLUS_META_GENERIC_RESIDUAL,sub-23,3,0.98,0.06791914643336563
WBCIC_S1S2_to_S3_authorized_development,ANCHOR_PLUS_PERSIST_META_RESIDUAL,sub-23,3,0.98,0.06286956679067045
WBCIC_S1S2_to_S3_authorized_development,ANCHOR_BLEND_META_GENERIC,sub-23,3,0.985,0.07175955121598693
WBCIC_S1S2_to_S3_authorized_development,ANCHOR_BLEND_PERSIST_META,sub-23,3,0.98,0.06899123041828532
WBCIC_S1S2_to_S3_authorized_development,V7_FEATURE_BASE,sub-24,3,0.9283459595959596,0.16910810405606339
WBCIC_S1S2_to_S3_authorized_development,META_GENERIC,sub-24,3,0.9283459595959596,0.16910810405606339
WBCIC_S1S2_to_S3_authorized_development,PERSIST_META,sub-24,3,0.9283459595959596,0.1655689903125344
WBCIC_S1S2_to_S3_authorized_development,ANCHOR_PLUS_META_GENERIC_RESIDUAL,sub-24,3,0.9434974747474747,0.1315463810465392
WBCIC_S1S2_to_S3_authorized_development,ANCHOR_PLUS_PERSIST_META_RESIDUAL,sub-24,3,0.9488636363636365,0.1363272047160033
WBCIC_S1S2_to_S3_authorized_development,ANCHOR_BLEND_META_GENERIC,sub-24,3,0.938604797979798,0.1470299292200462
WBCIC_S1S2_to_S3_authorized_development,ANCHOR_BLEND_PERSIST_META,sub-24,3,0.938604797979798,0.14556637715343626
WBCIC_S1S2_to_S3_authorized_development,V7_FEATURE_BASE,sub-30,3,0.845,0.387603979370233
WBCIC_S1S2_to_S3_authorized_development,META_GENERIC,sub-30,3,0.845,0.387603979370233
WBCIC_S1S2_to_S3_authorized_development,PERSIST_META,sub-30,3,0.86,0.3446445328499329
WBCIC_S1S2_to_S3_authorized_development,ANCHOR_PLUS_META_GENERIC_RESIDUAL,sub-30,3,0.905,0.308514140180202
WBCIC_S1S2_to_S3_authorized_development,ANCHOR_PLUS_PERSIST_META_RESIDUAL,sub-30,3,0.88,0.3282951335053703
WBCIC_S1S2_to_S3_authorized_development,ANCHOR_BLEND_META_GENERIC,sub-30,3,0.87,0.32482548410444223
WBCIC_S1S2_to_S3_authorized_development,ANCHOR_BLEND_PERSIST_META,sub-30,3,0.875,0.3083057302786517
WBCIC_S1S2_to_S3_authorized_development,V7_FEATURE_BASE,sub-31,3,0.5549999999999999,0.7799397343171222
WBCIC_S1S2_to_S3_authorized_development,META_GENERIC,sub-31,3,0.5549999999999999,0.7799397343171222
WBCIC_S1S2_to_S3_authorized_development,PERSIST_META,sub-31,3,0.5700000000000001,0.6993146207002242
WBCIC_S1S2_to_S3_authorized_development,ANCHOR_PLUS_META_GENERIC_RESIDUAL,sub-31,3,0.5900000000000001,0.6989465156244229
WBCIC_S1S2_to_S3_authorized_development,ANCHOR_PLUS_PERSIST_META_RESIDUAL,sub-31,3,0.615,0.6407757449202646
WBCIC_S1S2_to_S3_authorized_development,ANCHOR_BLEND_META_GENERIC,sub-31,3,0.5800000000000001,0.7344209917330221
WBCIC_S1S2_to_S3_authorized_development,ANCHOR_BLEND_PERSIST_META,sub-31,3,0.565,0.6943224732720873
WBCIC_S1S2_to_S3_authorized_development,V7_FEATURE_BASE,sub-38,3,0.475,0.747799375643304
WBCIC_S1S2_to_S3_authorized_development,META_GENERIC,sub-38,3,0.475,0.747799375643304
WBCIC_S1S2_to_S3_authorized_development,PERSIST_META,sub-38,3,0.505,0.7144429788722849
WBCIC_S1S2_to_S3_authorized_development,ANCHOR_PLUS_META_GENERIC_RESIDUAL,sub-38,3,0.505,0.7082108247405156
WBCIC_S1S2_to_S3_authorized_development,ANCHOR_PLUS_PERSIST_META_RESIDUAL,sub-38,3,0.59,0.6879361729957202
WBCIC_S1S2_to_S3_authorized_development,ANCHOR_BLEND_META_GENERIC,sub-38,3,0.51,0.7248102267918841
WBCIC_S1S2_to_S3_authorized_development,ANCHOR_BLEND_PERSIST_META,sub-38,3,0.52,0.7093505091906374
WBCIC_S1S2_to_S3_authorized_development,V7_FEATURE_BASE,sub-41,3,0.845,0.2931175660369207
WBCIC_S1S2_to_S3_authorized_development,META_GENERIC,sub-41,3,0.845,0.2931175660369207
WBCIC_S1S2_to_S3_authorized_development,PERSIST_META,sub-41,3,0.855,0.28513846069553567
WBCIC_S1S2_to_S3_authorized_development,ANCHOR_PLUS_META_GENERIC_RESIDUAL,sub-41,3,0.905,0.20884953907438564
WBCIC_S1S2_to_S3_authorized_development,ANCHOR_PLUS_PERSIST_META_RESIDUAL,sub-41,3,0.94,0.22529743613927436
WBCIC_S1S2_to_S3_authorized_development,ANCHOR_BLEND_META_GENERIC,sub-41,3,0.885,0.2439949000125878
WBCIC_S1S2_to_S3_authorized_development,ANCHOR_BLEND_PERSIST_META,sub-41,3,0.89,0.24003364653641412
WBCIC_S1S2_to_S3_authorized_development,V7_FEATURE_BASE,sub-42,3,0.73,0.5789240026217103
WBCIC_S1S2_to_S3_authorized_development,META_GENERIC,sub-42,3,0.73,0.5789240026217103
WBCIC_S1S2_to_S3_authorized_development,PERSIST_META,sub-42,3,0.705,0.5536646146254298
WBCIC_S1S2_to_S3_authorized_development,ANCHOR_PLUS_META_GENERIC_RESIDUAL,sub-42,3,0.715,0.5303575983420745
WBCIC_S1S2_to_S3_authorized_development,ANCHOR_PLUS_PERSIST_META_RESIDUAL,sub-42,3,0.71,0.5140736399501291
WBCIC_S1S2_to_S3_authorized_development,ANCHOR_BLEND_META_GENERIC,sub-42,3,0.735,0.5496604581701168
WBCIC_S1S2_to_S3_authorized_development,ANCHOR_BLEND_PERSIST_META,sub-42,3,0.73,0.534919406305835
WBCIC_S1S2_to_S3_authorized_development,V7_FEATURE_BASE,sub-7,4,0.7849999999999999,0.39254766652863077
WBCIC_S1S2_to_S3_authorized_development,META_GENERIC,sub-7,4,0.7849999999999999,0.38410717783478576
WBCIC_S1S2_to_S3_authorized_development,PERSIST_META,sub-7,4,0.7849999999999999,0.38410717783478576
WBCIC_S1S2_to_S3_authorized_development,ANCHOR_PLUS_META_GENERIC_RESIDUAL,sub-7,4,0.855,0.3294115973056029
WBCIC_S1S2_to_S3_authorized_development,ANCHOR_PLUS_PERSIST_META_RESIDUAL,sub-7,4,0.855,0.3294115973056029
WBCIC_S1S2_to_S3_authorized_development,ANCHOR_BLEND_META_GENERIC,sub-7,4,0.8400000000000001,0.3522678175345444
WBCIC_S1S2_to_S3_authorized_development,ANCHOR_BLEND_PERSIST_META,sub-7,4,0.8400000000000001,0.3522678175345444
WBCIC_S1S2_to_S3_authorized_development,V7_FEATURE_BASE,sub-12,4,0.73,0.4659804003945801
WBCIC_S1S2_to_S3_authorized_development,META_GENERIC,sub-12,4,0.7250000000000001,0.45662789779579577
WBCIC_S1S2_to_S3_authorized_development,PERSIST_META,sub-12,4,0.7250000000000001,0.45662789779579577
WBCIC_S1S2_to_S3_authorized_development,ANCHOR_PLUS_META_GENERIC_RESIDUAL,sub-12,4,0.73,0.4906585471076047
WBCIC_S1S2_to_S3_authorized_development,ANCHOR_PLUS_PERSIST_META_RESIDUAL,sub-12,4,0.73,0.4906585471076047
WBCIC_S1S2_to_S3_authorized_development,ANCHOR_BLEND_META_GENERIC,sub-12,4,0.7250000000000001,0.4476590472160764
WBCIC_S1S2_to_S3_authorized_development,ANCHOR_BLEND_PERSIST_META,sub-12,4,0.7250000000000001,0.4476590472160764
WBCIC_S1S2_to_S3_authorized_development,V7_FEATURE_BASE,sub-14,4,0.585,0.764400148709928
WBCIC_S1S2_to_S3_authorized_development,META_GENERIC,sub-14,4,0.59,0.7265816899955897
WBCIC_S1S2_to_S3_authorized_development,PERSIST_META,sub-14,4,0.59,0.7265816899955897
WBCIC_S1S2_to_S3_authorized_development,ANCHOR_PLUS_META_GENERIC_RESIDUAL,sub-14,4,0.535,0.7108706081941542
WBCIC_S1S2_to_S3_authorized_development,ANCHOR_PLUS_PERSIST_META_RESIDUAL,sub-14,4,0.535,0.7108706081941542
WBCIC_S1S2_to_S3_authorized_development,ANCHOR_BLEND_META_GENERIC,sub-14,4,0.585,0.7222889855651092
WBCIC_S1S2_to_S3_authorized_development,ANCHOR_BLEND_PERSIST_META,sub-14,4,0.585,0.7222889855651092
WBCIC_S1S2_to_S3_authorized_development,V7_FEATURE_BASE,sub-17,4,0.83,0.369021545007883
WBCIC_S1S2_to_S3_authorized_development,META_GENERIC,sub-17,4,0.835,0.3631780278568923
WBCIC_S1S2_to_S3_authorized_development,PERSIST_META,sub-17,4,0.835,0.3631780278568923
WBCIC_S1S2_to_S3_authorized_development,ANCHOR_PLUS_META_GENERIC_RESIDUAL,sub-17,4,0.855,0.3146185845835883
WBCIC_S1S2_to_S3_authorized_development,ANCHOR_PLUS_PERSIST_META_RESIDUAL,sub-17,4,0.855,0.3146185845835883
WBCIC_S1S2_to_S3_authorized_development,ANCHOR_BLEND_META_GENERIC,sub-17,4,0.86,0.33070339189914155
WBCIC_S1S2_to_S3_authorized_development,ANCHOR_BLEND_PERSIST_META,sub-17,4,0.86,0.33070339189914155
WBCIC_S1S2_to_S3_authorized_development,V7_FEATURE_BASE,sub-32,4,0.595,0.7865975454674334
WBCIC_S1S2_to_S3_authorized_development,META_GENERIC,sub-32,4,0.615,0.7298796541729053
WBCIC_S1S2_to_S3_authorized_development,PERSIST_META,sub-32,4,0.615,0.7298796541729053
WBCIC_S1S2_to_S3_authorized_development,ANCHOR_PLUS_META_GENERIC_RESIDUAL,sub-32,4,0.74,0.5573805810332014
WBCIC_S1S2_to_S3_authorized_development,ANCHOR_PLUS_PERSIST_META_RESIDUAL,sub-32,4,0.74,0.5573805810332014
WBCIC_S1S2_to_S3_authorized_development,ANCHOR_BLEND_META_GENERIC,sub-32,4,0.65,0.641648278375466
WBCIC_S1S2_to_S3_authorized_development,ANCHOR_BLEND_PERSIST_META,sub-32,4,0.65,0.641648278375466
WBCIC_S1S2_to_S3_authorized_development,V7_FEATURE_BASE,sub-47,4,0.95,0.15563595631300922
WBCIC_S1S2_to_S3_authorized_development,META_GENERIC,sub-47,4,0.95,0.15563595631300922
WBCIC_S1S2_to_S3_authorized_development,PERSIST_META,sub-47,4,0.95,0.1557909068387895
WBCIC_S1S2_to_S3_authorized_development,ANCHOR_PLUS_META_GENERIC_RESIDUAL,sub-47,4,0.96,0.11315713103802079
WBCIC_S1S2_to_S3_authorized_development,ANCHOR_PLUS_PERSIST_META_RESIDUAL,sub-47,4,0.96,0.11333833955271992
WBCIC_S1S2_to_S3_authorized_development,ANCHOR_BLEND_META_GENERIC,sub-47,4,0.965,0.12739480713131474
WBCIC_S1S2_to_S3_authorized_development,ANCHOR_BLEND_PERSIST_META,sub-47,4,0.965,0.12747013473269966
WBCIC_S1S2_to_S3_authorized_development,V7_FEATURE_BASE,sub-48,4,0.815,0.40133378512098117
WBCIC_S1S2_to_S3_authorized_development,META_GENERIC,sub-48,4,0.815,0.40133378512098117
WBCIC_S1S2_to_S3_authorized_development,PERSIST_META,sub-48,4,0.815,0.40029072366177304
WBCIC_S1S2_to_S3_authorized_development,ANCHOR_PLUS_META_GENERIC_RESIDUAL,sub-48,4,0.8500000000000001,0.3127242574101377
WBCIC_S1S2_to_S3_authorized_development,ANCHOR_PLUS_PERSIST_META_RESIDUAL,sub-48,4,0.8500000000000001,0.3122578896527904
WBCIC_S1S2_to_S3_authorized_development,ANCHOR_BLEND_META_GENERIC,sub-48,4,0.8400000000000001,0.3470974920241963
WBCIC_S1S2_to_S3_authorized_development,ANCHOR_BLEND_PERSIST_META,sub-48,4,0.8400000000000001,0.3466373614640606
WBCIC_S1S2_to_S3_authorized_development,V7_FEATURE_BASE,sub-50,4,0.97,0.10288968574498926
WBCIC_S1S2_to_S3_authorized_development,META_GENERIC,sub-50,4,0.97,0.10288968574498926
WBCIC_S1S2_to_S3_authorized_development,PERSIST_META,sub-50,4,0.97,0.10281622417366673
WBCIC_S1S2_to_S3_authorized_development,ANCHOR_PLUS_META_GENERIC_RESIDUAL,sub-50,4,0.955,0.09815224709300388
WBCIC_S1S2_to_S3_authorized_development,ANCHOR_PLUS_PERSIST_META_RESIDUAL,sub-50,4,0.955,0.0980556902324151
WBCIC_S1S2_to_S3_authorized_development,ANCHOR_BLEND_META_GENERIC,sub-50,4,0.96,0.09896785692188714
WBCIC_S1S2_to_S3_authorized_development,ANCHOR_BLEND_PERSIST_META,sub-50,4,0.96,0.09892366914574807
